3				
0.0 0.0				
0.0 0.0				
0.0 0.0				
1.00E-05	108.7064	267501.2028	0.00E+00	0.00E+00
1.06E-05	105.4633	259514.3027	0.00E+00	0.00E+00
1.13E-05	102.4944	252202.5026	0.00E+00	0.00E+00
1.19E-05	99.76318	245475.9025	0.00E+00	0.00E+00
1.25E-05	97.23951	239260.3025	0.00E+00	0.00E+00
1.38E-05	92.71878	228125.8024	0.00E+00	0.00E+00
1.50E-05	88.77584	218413.8023	0.00E+00	0.00E+00
1.63E-05	85.29725	209845.2022	0.00E+00	0.00E+00
1.75E-05	82.19853	202211.8021	0.00E+00	0.00E+00
1.88E-05	79.41522	195355.202	0.00E+00	0.00E+00
2.00E-05	76.89724	189151.902	0.00E+00	0.00E+00
2.19E-05	73.53324	180863.8019	0.00E+00	0.00E+00
2.38E-05	70.57614	173577.6018	0.00E+00	0.00E+00
2.56E-05	67.95005	167106.6017	0.00E+00	0.00E+00
2.75E-05	65.59751	161309.2017	0.00E+00	0.00E+00
2.94E-05	63.47413	156076.2016	0.00E+00	0.00E+00
3.13E-05	61.54499	151321.5016	0.00E+00	0.00E+00
3.31E-05	59.78218	146976.4015	0.00E+00	0.00E+00
3.50E-05	58.16312	142985.3015	0.00E+00	0.00E+00
3.88E-05	55.28532	135890.7014	0.00E+00	0.00E+00
4.25E-05	52.79772	129757.1013	0.00E+00	0.00E+00
4.63E-05	50.61948	124385.5013	0.00E+00	0.00E+00
5.00E-05	48.69142	119630.1012	0.00E+00	0.00E+00
5.31E-05	47.24341	116058.2012	0.00E+00	0.00E+00
5.63E-05	45.91797	112788.3012	0.00E+00	0.00E+00
5.94E-05	44.69875	109780.1011	0.00E+00	0.00E+00
6.25E-05	43.5723	107000.4011	0.00E+00	0.00E+00
6.88E-05	41.55474	102020.9011	0.00E+00	0.00E+00
7.50E-05	39.79538	97677.55101	0.00E+00	0.00E+00
8.13E-05	38.24353	9.38E+04	0.00E+00	0.00E+00
8.75E-05	36.86141	9.04E+04	0.00E+00	0.00E+00
9.38E-05	35.62022	8.74E+04	0.00E+00	0.00E+00
1.00E-04	34.49757	8.46E+04	0.00E+00	0.00E+00
1.06E-04	33.47574	8.21E+04	0.00E+00	0.00E+00
1.13E-04	32.54052	7.98E+04	0.00E+00	0.00E+00
1.19E-04	31.68036	7.76E+04	0.00E+00	0.00E+00
1.25E-04	30.88574	7.57E+04	0.00E+00	0.00E+00
1.38E-04	29.46278	7.21E+04	0.00E+00	0.00E+00
1.50E-04	28.22222	6.91E+04	0.00E+00	0.00E+00
1.63E-04	27.12825	6.64E+04	0.00E+00	0.00E+00
1.75E-04	26.15418	6.39E+04	0.00E+00	0.00E+00
1.88E-04	25.27963	6.18E+04	0.00E+00	0.00E+00
2.00E-04	24.48881	5.98E+04	0.00E+00	0.00E+00
2.19E-04	23.43286	5.72E+04	0.00E+00	0.00E+00
2.38E-04	22.50524	5.49E+04	0.00E+00	0.00E+00
2.56E-04	21.68199	5.28E+04	0.00E+00	0.00E+00
2.75E-04	20.94499	5.10E+04	0.00E+00	0.00E+00
2.94E-04	20.28022	4.94E+04	0.00E+00	0.00E+00
3.13E-04	19.67665	4.79E+04	0.00E+00	0.00E+00
3.31E-04	19.12548	4.65E+04	0.00E+00	0.00E+00
3.50E-04	18.6196	4.52E+04	0.00E+00	0.00E+00
3.88E-04	17.72129	4.30E+04	0.00E+00	0.00E+00
4.25E-04	16.9458	4.10E+04	0.00E+00	0.00E+00
4.63E-04	16.26764	3.93E+04	0.00E+00	0.00E+00
5.00E-04	15.66815	3.78E+04	0.00E+00	0.00E+00
5.31E-04	15.21846	3.67E+04	0.00E+00	0.00E+00
5.63E-04	14.80729	3.57E+04	0.00E+00	0.00E+00
5.94E-04	14.42948	3.47E+04	0.00E+00	0.00E+00
6.25E-04	14.08079	3.38E+04	0.00E+00	0.00E+00
6.88E-04	13.45727	3.23E+04	0.00E+00	0.00E+00
7.50E-04	12.91472	3.09E+04	0.00E+00	0.00E+00
8.13E-04	12.4372	2.97E+04	0.00E+00	0.00E+00
8.75E-04	12.01282	2.86E+04	0.00E+00	0.00E+00
9.38E-04	11.63253	2.76E+04	0.00E+00	0.00E+00
1.00E-03	11.28929	2.67E+04	0.00E+00	0.00E+00
1.06E-03	10.97755	2.60E+04	0.00E+00	0.00E+00
1.13E-03	10.69285	2.52E+04	0.00E+00	0.00E+00
1.19E-03	10.43154	2.45E+04	0.00E+00	0.00E+00
1.25E-03	10.19067	2.39E+04	0.00E+00	0.00E+00
1.38E-03	9.760667	2.28E+04	0.00E+00	0.00E+00
1.50E-03	9.38737	2.18E+04	0.00E+00	0.00E+00
1.63E-03	9.059564	2.10E+04	0.00E+00	0.00E+00
1.75E-03	8.768903	2.02E+04	0.00E+00	0.00E+00
1.88E-03	8.50903	1.95E+04	0.00E+00	0.00E+00
2.00E-03	8.275005	1.89E+04	0.00E+00	0.00E+00
2.19E-03	7.964119	1.81E+04	0.00E+00	0.00E+00
2.38E-03	7.692694	1.74E+04	0.00E+00	0.00E+00
2.56E-03	7.453281	1.67E+04	0.00E+00	0.00E+00
2.75E-03	7.240247	1.61E+04	0.00E+00	0.00E+00
2.94E-03	7.049246	1.56E+04	0.00E+00	0.00E+00
3.13E-03	6.876868	1.51E+04	0.00E+00	0.00E+00
3.31E-03	6.720392	1.47E+04	0.00E+00	0.00E+00
3.50E-03	6.577616	1.43E+04	0.00E+00	0.00E+00
3.88E-03	6.326277	1.36E+04	0.00E+00	0.00E+00
4.25E-03	6.111805	1.30E+04	0.00E+00	0.00E+00
4.63E-03	5.926386	1.24E+04	0.00E+00	0.00E+00
5.00E-03	5.764318	1.20E+04	0.00E+00	0.00E+00
5.31E-03	5.643987	1.16E+04	0.00E+00	0.00E+00
5.63E-03	5.534967	1.13E+04	0.00E+00	0.00E+00
5.94E-03	5.435696	1.10E+04	0.00E+00	0.00E+00
6.25E-03	5.344895	1.07E+04	0.00E+00	0.00E+00
6.88E-03	5.184637	1.02E+04	0.00E+00	0.00E+00
7.50E-03	5.047587	9.77E+03	0.00E+00	0.00E+00
8.13E-03	4.928989	9.38E+03	0.00E+00	0.00E+00
8.75E-03	4.825321	9.04E+03	0.00E+00	0.00E+00
9.38E-03	4.733915	8.74E+03	0.00E+00	0.00E+00
1.00E-02	4.65271	8.46E+03	0.00E+00	0.00E+00
1.06E-02	4.580086	8.21E+03	0.00E+00	0.00E+00
1.13E-02	4.514754	7.97E+03	0.00E+00	0.00E+00
1.19E-02	4.455669	7.76E+03	0.00E+00	0.00E+00
1.25E-02	4.401982	7.57E+03	0.00E+00	0.00E+00
1.38E-02	4.308106	7.21E+03	0.00E+00	0.00E+00
1.50E-02	4.228774	6.91E+03	0.00E+00	0.00E+00
1.63E-02	4.160877	6.64E+03	0.00E+00	0.00E+00
1.75E-02	4.102133	6.39E+03	0.00E+00	0.00E+00
1.88E-02	4.050828	6.18E+03	0.00E+00	0.00E+00
2.00E-02	4.00565	5.98E+03	0.00E+00	0.00E+00
2.13E-02	3.963314	5.79E+03	0.00E+00	0.00E+00
2.27E-02	3.925758	5.62E+03	0.00E+00	0.00E+00
2.40E-02	3.892226	5.46E+03	0.00E+00	0.00E+00
2.53E-02	3.862111	5.32E+03	0.00E+00	0.00E+00
2.68E-02	3.830685	5.16E+03	0.00E+00	0.00E+00
2.84E-02	3.802609	5.02E+03	0.00E+00	0.00E+00
3.15E-02	3.754586	4.77E+03	0.00E+00	0.00E+00
3.46E-02	3.715037	4.55E+03	0.00E+00	0.00E+00
3.77E-02	3.681916	4.36E+03	0.00E+00	0.00E+00
4.07E-02	3.653783	4.19E+03	0.00E+00	0.00E+00
4.38E-02	3.629595	4.04E+03	0.00E+00	0.00E+00
4.69E-02	3.60858	3.90E+03	0.00E+00	0.00E+00
5.00E-02	3.590154	3.78E+03	0.00E+00	0.00E+00
5.31E-02	3.573682	3.67E+03	0.00E+00	0.00E+00
5.63E-02	3.559037	3.57E+03	0.00E+00	0.00E+00
5.94E-02	3.545932	3.47E+03	0.00E+00	0.00E+00
6.25E-02	3.534137	3.38E+03	0.00E+00	0.00E+00
6.88E-02	3.513762	3.23E+03	0.00E+00	0.00E+00
7.50E-02	3.496783	3.09E+03	0.00E+00	0.00E+00
8.13E-02	3.482415	2.97E+03	0.00E+00	0.00E+00
8.75E-02	3.4701	2.86E+03	0.00E+00	0.00E+00
9.38E-02	3.459426	2.76E+03	0.00E+00	0.00E+00
1.00E-01	3.450087	2.67E+03	0.00E+00	0.00E+00
1.06E-01	3.441847	2.59E+03	0.00E+00	0.00E+00
1.13E-01	3.434522	2.52E+03	0.00E+00	0.00E+00
1.19E-01	3.427968	2.45E+03	0.00E+00	0.00E+00
1.25E-01	3.42207	2.39E+03	0.00E+00	0.00E+00
1.38E-01	3.411882	2.28E+03	0.00E+00	0.00E+00
1.50E-01	3.403392	2.18E+03	0.00E+00	0.00E+00
1.63E-01	3.396208	2.10E+03	0.00E+00	0.00E+00
1.75E-01	3.39005	2.02E+03	0.00E+00	0.00E+00
1.88E-01	3.384713	1.95E+03	0.00E+00	0.00E+00
2.00E-01	3.380044	1.89E+03	0.00E+00	0.00E+00
2.19E-01	3.37404	1.81E+03	0.00E+00	0.00E+00
2.38E-01	3.368984	1.73E+03	0.00E+00	0.00E+00
2.56E-01	3.364668	1.67E+03	0.00E+00	0.00E+00
2.75E-01	3.360941	1.61E+03	0.00E+00	0.00E+00
2.94E-01	3.357689	1.56E+03	0.00E+00	0.00E+00
3.13E-01	3.354828	1.51E+03	0.00E+00	0.00E+00
3.31E-01	3.352291	1.47E+03	0.00E+00	0.00E+00
3.50E-01	3.350025	1.43E+03	0.00E+00	0.00E+00
3.88E-01	3.346152	1.36E+03	0.00E+00	0.00E+00
4.25E-01	3.342962	1.30E+03	0.00E+00	0.00E+00
5.00E-01	3.338017	1.20E+03	0.00E+00	0.00E+00
6.25E-01	3.332414	1.07E+03	0.00E+00	0.00E+00
7.50E-01	3.328673	9.77E+02	0.00E+00	0.00E+00
8.75E-01	3.325954	9.04E+02	0.00E+00	0.00E+00
1.00E+00	3.323765	8.46E+02	0.00E+00	0.00E+00
1.25E+00	3.320198	7.57E+02	0.00E+00	0.00E+00
1.50E+00	3.317545	6.90E+02	0.00E+00	0.00E+00
1.75E+00	3.315543	6.39E+02	0.00E+00	0.00E+00
2.00E+00	3.313966	5.98E+02	0.00E+00	0.00E+00
2.38E+00	3.312118	5.48E+02	0.00E+00	0.00E+00
2.75E+00	3.310677	5.09E+02	0.00E+00	0.00E+00
3.13E+00	3.309512	4.77E+02	0.00E+00	0.00E+00
3.50E+00	3.308545	4.51E+02	0.00E+00	0.00E+00
4.25E+00	3.307001	4.10E+02	0.00E+00	0.00E+00
5.00E+00	3.305804	3.78E+02	0.00E+00	0.00E+00
6.25E+00	3.304279	3.38E+02	0.00E+00	0.00E+00
7.50E+00	3.303112	3.08E+02	0.00E+00	0.00E+00
8.75E+00	3.302176	2.85E+02	0.00E+00	0.00E+00
1.00E+01	3.301252	2.66E+02	0.00E+00	0.00E+00
1.25E+01	3.298195	2.38E+02	0.00E+00	0.00E+00
1.50E+01	3.295623	2.17E+02	0.00E+00	0.00E+00
1.75E+01	3.293482	2.01E+02	0.00E+00	0.00E+00
2.00E+01	3.29164	1.88E+02	0.00E+00	0.00E+00
2.38E+01	3.289288	1.72E+02	0.00E+00	0.00E+00
2.75E+01	3.2873	1.60E+02	0.00E+00	0.00E+00
3.13E+01	3.285571	1.50E+02	0.00E+00	0.00E+00
3.50E+01	3.284046	1.42E+02	0.00E+00	0.00E+00
4.25E+01	3.281446	1.28E+02	0.00E+00	0.00E+00
5.00E+01	3.279283	1.18E+02	0.00E+00	0.00E+00
6.25E+01	3.276327	1.06E+02	0.00E+00	0.00E+00
7.50E+01	3.273921	9.64E+01	0.00E+00	0.00E+00
8.75E+01	3.271895	8.92E+01	0.00E+00	0.00E+00
1.00E+02	3.270104	8.34E+01	0.00E+00	0.00E+00
1.25E+02	3.265438	7.44E+01	0.00E+00	0.00E+00
1.50E+02	3.2616	6.78E+01	0.00E+00	0.00E+00
1.75E+02	3.258364	6.27E+01	0.00E+00	0.00E+00
2.00E+02	3.255532	5.86E+01	0.00E+00	0.00E+00
2.25E+02	3.251967	5.52E+01	0.00E+00	0.00E+00
2.50E+02	3.24875	5.23E+01	0.00E+00	0.00E+00
2.75E+02	3.245841	4.98E+01	0.00E+00	0.00E+00
3.00E+02	3.24319	4.76E+01	0.00E+00	0.00E+00
3.25E+02	3.240754	4.57E+01	0.00E+00	0.00E+00
3.50E+02	3.238502	4.40E+01	0.00E+00	0.00E+00
4.00E+02	3.234434	4.11E+01	0.00E+00	0.00E+00
4.50E+02	3.230213	3.87E+01	0.00E+00	0.00E+00
5.00E+02	3.226427	3.66E+01	0.00E+00	0.00E+00
5.50E+02	3.223008	3.49E+01	0.00E+00	0.00E+00
6.00E+02	3.219885	3.33E+01	0.00E+00	0.00E+00
7.00E+02	3.213978	3.08E+01	0.00E+00	0.00E+00
8.50E+02	3.206522	2.78E+01	0.00E+00	0.00E+00
1.00E+03	3.2	2.56E+01	0.00E+00	0.00E+00
1.10E+03	3.19506	2.43E+01	0.00E+00	0.00E+00
1.20E+03	3.190537	2.32E+01	0.00E+00	0.00E+00
1.30E+03	3.186382	2.23E+01	0.00E+00	0.00E+00
1.40E+03	3.182514	2.14E+01	0.00E+00	0.00E+00
1.55E+03	3.175131	2.03E+01	0.00E+00	0.00E+00
1.70E+03	3.168415	1.93E+01	0.00E+00	0.00E+00
1.85E+03	3.162282	1.85E+01	0.00E+00	0.00E+00
2.00E+03	3.156623	1.77E+01	0.00E+00	0.00E+00
2.20E+03	3.148518	1.69E+01	0.00E+00	0.00E+00
2.40E+03	3.141117	1.61E+01	0.00E+00	0.00E+00
2.70E+03	3.130259	1.51E+01	0.00E+00	0.00E+00
3.00E+03	3.120562	1.43E+01	0.00E+00	0.00E+00
3.25E+03	3.112672	1.37E+01	0.00E+00	0.00E+00
3.50E+03	3.10538	1.31E+01	0.00E+00	0.00E+00
4.00E+03	3.092282	1.22E+01	0.00E+00	0.00E+00
4.50E+03	3.080273	1.15E+01	0.00E+00	0.00E+00
5.00E+03	3.069565	1.08E+01	0.00E+00	0.00E+00
5.50E+03	3.059775	1.03E+01	0.00E+00	0.00E+00
6.00E+03	3.050864	9.78E+00	0.00E+00	0.00E+00
6.50E+03	3.042696	9.35E+00	0.00E+00	0.00E+00
7.00E+03	3.035156	8.98E+00	0.00E+00	0.00E+00
8.00E+03	3.021746	8.33E+00	0.00E+00	0.00E+00
9.00E+03	3.010145	7.79E+00	0.00E+00	0.00E+00
1.00E+04	3.000018	7.34E+00	0.00E+00	0.00E+00
1.10E+04	2.993164	6.95E+00	0.00E+00	0.00E+00
1.20E+04	2.986946	6.62E+00	0.00E+00	0.00E+00
1.35E+04	2.981708	6.18E+00	0.00E+00	0.00E+00
1.50E+04	2.977041	5.82E+00	0.00E+00	0.00E+00
1.70E+04	2.97103	5.41E+00	0.00E+00	0.00E+00
1.85E+04	2.96492	5.14E+00	0.00E+00	0.00E+00
2.00E+04	2.959275	4.91E+00	0.00E+00	0.00E+00
2.20E+04	2.948959	4.64E+00	0.00E+00	0.00E+00
2.50E+04	2.92962	4.30E+00	0.00E+00	0.00E+00
2.70E+04	2.914307	4.11E+00	0.00E+00	0.00E+00
3.00E+04	2.88812	3.85E+00	0.00E+00	0.00E+00
3.20E+04	2.86878	3.70E+00	0.00E+00	0.00E+00
3.50E+04	2.837379	3.51E+00	0.00E+00	0.00E+00
4.00E+04	2.780003	3.23E+00	0.00E+00	0.00E+00
4.50E+04	2.723969	3.00E+00	0.00E+00	0.00E+00
5.00E+04	2.674625	2.81E+00	0.00E+00	0.00E+00
5.50E+04	2.630653	2.65E+00	0.00E+00	0.00E+00
6.00E+04	2.591071	2.51E+00	0.00E+00	0.00E+00
6.50E+04	2.555144	2.38E+00	0.00E+00	0.00E+00
7.00E+04	2.522299	2.27E+00	0.00E+00	0.00E+00
7.50E+04	2.492088	2.18E+00	0.00E+00	0.00E+00
8.00E+04	2.464153	2.09E+00	0.00E+00	0.00E+00
9.00E+04	2.413986	1.94E+00	0.00E+00	0.00E+00
1.00E+05	2.370008	1.82E+00	0.00E+00	0.00E+00
1.10E+05	2.330886	1.71E+00	0.00E+00	0.00E+00
1.20E+05	2.295734	1.62E+00	0.00E+00	0.00E+00
1.30E+05	2.263833	1.55E+00	0.00E+00	0.00E+00
1.40E+05	2.234695	1.48E+00	0.00E+00	0.00E+00
1.60E+05	2.183177	1.37E+00	0.00E+00	0.00E+00
1.80E+05	2.138813	1.29E+00	0.00E+00	0.00E+00
2.00E+05	2.100012	1.22E+00	0.00E+00	0.00E+00
2.25E+05	2.063962	1.16E+00	0.00E+00	0.00E+00
2.50E+05	2.032252	1.11E+00	0.00E+00	0.00E+00
2.75E+05	2.009799	1.07E+00	0.00E+00	0.00E+00
3.00E+05	1.989525	1.04E+00	0.00E+00	0.00E+00
3.25E+05	1.971838	1.03E+00	0.00E+00	0.00E+00
3.50E+05	1.955602	1.01E+00	0.00E+00	0.00E+00
4.00E+05	1.92403	9.86E-01	0.00E+00	0.00E+00
4.50E+05	1.891861	9.68E-01	0.00E+00	0.00E+00
5.00E+05	1.889427	9.51E-01	0.00E+00	0.00E+00
5.50E+05	1.869621	9.32E-01	0.00E+00	0.00E+00
6.00E+05	1.857677	9.12E-01	0.00E+00	0.00E+00
6.50E+05	1.866565	8.94E-01	0.00E+00	0.00E+00
7.00E+05	1.873734	8.76E-01	0.00E+00	0.00E+00
7.50E+05	1.897051	8.62E-01	0.00E+00	0.00E+00
8.00E+05	1.919353	8.51E-01	0.00E+00	0.00E+00
8.50E+05	1.955611	8.43E-01	0.00E+00	0.00E+00
9.00E+05	1.981504	8.39E-01	0.00E+00	0.00E+00
9.50E+05	2.011546	8.37E-01	0.00E+00	0.00E+00
1.00E+06	2.03162	8.38E-01	0.00E+00	0.00E+00
1.10E+06	2.090893	8.48E-01	0.00E+00	0.00E+00
1.20E+06	2.140993	8.59E-01	0.00E+00	0.00E+00
1.30E+06	2.178652	8.71E-01	0.00E+00	0.00E+00
1.40E+06	2.219381	8.81E-01	0.00E+00	0.00E+00
1.50E+06	2.294925	8.85E-01	0.00E+00	0.00E+00
1.60E+06	2.316154	8.84E-01	0.00E+00	0.00E+00
1.70E+06	2.342726	8.77E-01	0.00E+00	0.00E+00
1.80E+06	2.36402	8.66E-01	0.00E+00	0.00E+00
1.90E+06	2.371111	8.51E-01	0.00E+00	0.00E+00
2.00E+06	2.367022	8.33E-01	0.00E+00	0.00E+00
2.20E+06	2.364501	7.92E-01	0.00E+00	0.00E+00
2.40E+06	2.364376	7.48E-01	0.00E+00	0.00E+00
2.50E+06	2.364785	7.26E-01	0.00E+00	0.00E+00
2.60E+06	2.362459	7.04E-01	0.00E+00	0.00E+00
2.80E+06	2.350674	6.62E-01	0.00E+00	0.00E+00
3.00E+06	2.32731	6.23E-01	0.00E+00	0.00E+00
3.25E+06	2.288155	5.77E-01	0.00E+00	0.00E+00
3.50E+06	2.25249	5.38E-01	0.00E+00	0.00E+00
4.00E+06	2.17964	4.70E-01	0.00E+00	0.00E+00
4.36E+06	2.124213	4.31E-01	0.00E+00	0.00E+00
4.36E+06	2.124213	4.31E-01	0.00E+00	0.00E+00
4.38E+06	2.120612	4.31E-01	0.00E+00	0.00E+00
4.40E+06	2.11788	4.29E-01	0.00E+00	0.00E+00
4.41E+06	2.115161	4.28E-01	0.00E+00	0.00E+00
4.43E+06	2.112455	4.27E-01	0.00E+00	0.00E+00
4.44E+06	2.109761	4.25E-01	0.00E+00	0.00E+00
4.46E+06	2.10708	4.24E-01	0.00E+00	0.00E+00
4.47E+06	2.104411	4.23E-01	0.00E+00	0.00E+00
4.49E+06	2.101754	4.22E-01	0.00E+00	0.00E+00
4.50E+06	2.09911	4.21E-01	0.00E+00	0.00E+00
4.53E+06	2.093138	4.18E-01	0.00E+00	0.00E+00
4.56E+06	2.087223	4.15E-01	0.00E+00	0.00E+00
4.59E+06	2.081365	4.12E-01	0.00E+00	0.00E+00
4.63E+06	2.075564	4.10E-01	0.00E+00	0.00E+00
4.66E+06	2.069817	4.07E-01	0.00E+00	0.00E+00
4.69E+06	2.064125	4.05E-01	0.00E+00	0.00E+00
4.72E+06	2.058486	4.03E-01	0.00E+00	0.00E+00
4.75E+06	2.052899	4.01E-01	0.00E+00	0.00E+00
4.78E+06	2.047364	3.99E-01	0.00E+00	0.00E+00
4.81E+06	2.04188	3.97E-01	0.00E+00	0.00E+00
4.84E+06	2.036446	3.95E-01	0.00E+00	0.00E+00
4.88E+06	2.031061	3.94E-01	0.00E+00	0.00E+00
4.91E+06	2.025725	3.93E-01	0.00E+00	0.00E+00
4.94E+06	2.020437	3.92E-01	0.00E+00	0.00E+00
4.97E+06	2.015195	3.91E-01	0.00E+00	0.00E+00
5.00E+06	2.01	3.90E-01	0.00E+00	0.00E+00
5.13E+06	1.984407	3.83E-01	0.00E+00	0.00E+00
5.25E+06	1.959746	3.77E-01	0.00E+00	0.00E+00
5.38E+06	1.93596	3.71E-01	0.00E+00	0.00E+00
5.50E+06	1.913	3.67E-01	0.00E+00	0.00E+00
5.75E+06	1.872225	3.56E-01	0.00E+00	0.00E+00
6.00E+06	1.834	3.46E-01	0.00E+00	0.00E+00
6.50E+06	1.754	3.26E-01	0.00E+00	0.00E+00
7.00E+06	1.666	3.15E-01	0.00E+00	0.00E+00
7.50E+06	1.599	3.01E-01	0.00E+00	0.00E+00
8.00E+06	1.532	2.88E-01	0.00E+00	0.00E+00
8.50E+06	1.4629	2.77E-01	0.00E+00	0.00E+00
9.00E+06	1.403	2.67E-01	0.00E+00	0.00E+00
9.50E+06	1.364	2.57E-01	0.00E+00	0.00E+00
1.00E+07	1.302	2.49E-01	0.00E+00	0.00E+00
1.05E+07	1.251	2.39E-01	0.00E+00	0.00E+00
1.10E+07	1.197	2.33E-01	0.00E+00	0.00E+00
1.15E+07	1.16	2.26E-01	0.00E+00	0.00E+00
1.20E+07	1.121	2.19E-01	0.00E+00	0.00E+00
1.25E+07	1.0825	2.13E-01	0.00E+00	0.00E+00
1.30E+07	1.043	2.07E-01	0.00E+00	0.00E+00
1.35E+07	1.008	2.02E-01	0.00E+00	0.00E+00
1.40E+07	0.9719	1.98E-01	0.00E+00	0.00E+00
1.50E+07	0.924	1.88E-01	0.00E+00	0.00E+00
1.60E+07	0.8718	1.78E-01	0.00E+00	0.00E+00
1.70E+07	0.8234	1.69E-01	0.00E+00	0.00E+00
1.80E+07	0.7819	1.58E-01	0.00E+00	0.00E+00
1.90E+07	0.745	1.48E-01	0.00E+00	0.00E+00
2.00E+07	0.713	1.38E-01	0.00E+00	0.00E+00
