11.0				
0.0	0.0			
0.0	0.0			
0.0	0.0			
1.00E-05	83.26938	0.27696	0.00E+00	0.00E+00
1.06E-05	80.79041	0.26869	0.00E+00	0.00E+00
1.13E-05	78.5212	0.26112	0.00E+00	0.00E+00
1.19E-05	76.43378	0.25416	0.00E+00	0.00E+00
1.25E-05	74.50511	0.24772	0.00E+00	0.00E+00
1.37E-05	71.05352	0.2362	0.00E+00	0.00E+00
1.50E-05	68.04311	0.22616	0.00E+00	0.00E+00
1.50E-05	68.03792	0.22614	0.00E+00	0.00E+00
1.50E-05	68.02688	0.2261	0.00E+00	0.00E+00
1.50E-05	68.01587	0.22606	0.00E+00	0.00E+00
1.50E-05	67.99384	0.22599	0.00E+00	0.00E+00
1.50E-05	67.94986	0.22584	0.00E+00	0.00E+00
1.51E-05	67.86217	0.22555	0.00E+00	0.00E+00
1.52E-05	67.68781	0.22497	0.00E+00	0.00E+00
1.53E-05	67.34309	0.22382	0.00E+00	0.00E+00
1.56E-05	66.66924	0.22157	0.00E+00	0.00E+00
1.63E-05	65.38042	0.21727	0.00E+00	0.00E+00
1.75E-05	63.01343	0.20936	0.00E+00	0.00E+00
1.88E-05	60.88766	0.20226	0.00E+00	0.00E+00
2.00E-05	58.96477	0.19584	0.00E+00	0.00E+00
2.19E-05	56.39623	0.18726	0.00E+00	0.00E+00
2.38E-05	54.13882	0.17972	0.00E+00	0.00E+00
2.56E-05	52.13449	0.17302	0.00E+00	0.00E+00
2.75E-05	50.33929	0.16701	0.00E+00	0.00E+00
2.94E-05	48.7347	0.16165	0.00E+00	0.00E+00
3.12E-05	47.27586	0.15677	0.00E+00	0.00E+00
3.31E-05	45.94202	0.1523	0.00E+00	0.00E+00
3.49E-05	44.71629	0.1482	0.00E+00	0.00E+00
3.50E-05	44.66884	0.14804	0.00E+00	0.00E+00
3.52E-05	44.52151	1.48E-01	0.00E+00	0.00E+00
3.55E-05	44.37565	1.47E-01	0.00E+00	0.00E+00
3.59E-05	44.08824	1.46E-01	0.00E+00	0.00E+00
3.69E-05	43.53001	1.44E-01	0.00E+00	0.00E+00
3.88E-05	42.47516	1.41E-01	0.00E+00	0.00E+00
4.25E-05	40.57966	1.34E-01	0.00E+00	0.00E+00
4.63E-05	38.92054	1.29E-01	0.00E+00	0.00E+00
5.00E-05	37.45255	1.24E-01	0.00E+00	0.00E+00
5.31E-05	36.35045	1.20E-01	0.00E+00	0.00E+00
5.63E-05	35.34196	1.17E-01	0.00E+00	0.00E+00
5.94E-05	34.4146	1.14E-01	0.00E+00	0.00E+00
6.25E-05	33.55807	1.11E-01	0.00E+00	0.00E+00
6.88E-05	32.0247	1.06E-01	0.00E+00	0.00E+00
7.50E-05	30.68843	1.01E-01	0.00E+00	0.00E+00
8.13E-05	29.51053	9.72E-02	0.00E+00	0.00E+00
8.75E-05	28.46215	9.36E-02	0.00E+00	0.00E+00
9.38E-05	27.52127	9.05E-02	0.00E+00	0.00E+00
1.00E-04	26.67079	8.76E-02	0.00E+00	0.00E+00
1.06E-04	25.89719	8.50E-02	0.00E+00	0.00E+00
1.13E-04	25.18962	8.26E-02	0.00E+00	0.00E+00
1.19E-04	24.53924	8.04E-02	0.00E+00	0.00E+00
1.25E-04	23.93881	7.83E-02	0.00E+00	0.00E+00
1.37E-04	22.86554	7.47E-02	0.00E+00	0.00E+00
1.50E-04	21.93093	7.15E-02	0.00E+00	0.00E+00
1.50E-04	21.92932	7.15E-02	0.00E+00	0.00E+00
1.50E-04	21.9259	7.15E-02	0.00E+00	0.00E+00
1.50E-04	21.92248	7.15E-02	0.00E+00	0.00E+00
1.50E-04	21.91565	7.15E-02	0.00E+00	0.00E+00
1.50E-04	21.90201	7.14E-02	0.00E+00	0.00E+00
1.51E-04	21.87481	7.13E-02	0.00E+00	0.00E+00
1.52E-04	21.82073	7.11E-02	0.00E+00	0.00E+00
1.53E-04	21.71382	7.08E-02	0.00E+00	0.00E+00
1.56E-04	21.50492	7.01E-02	0.00E+00	0.00E+00
1.63E-04	21.10559	6.87E-02	0.00E+00	0.00E+00
1.75E-04	20.37307	6.62E-02	0.00E+00	0.00E+00
1.88E-04	19.71624	6.40E-02	0.00E+00	0.00E+00
2.00E-04	19.12304	6.19E-02	0.00E+00	0.00E+00
2.19E-04	18.33221	5.92E-02	0.00E+00	0.00E+00
2.38E-04	17.63881	5.68E-02	0.00E+00	0.00E+00
2.56E-04	17.0246	5.47E-02	0.00E+00	0.00E+00
2.75E-04	16.47576	5.28E-02	0.00E+00	0.00E+00
2.94E-04	15.98635	5.11E-02	0.00E+00	0.00E+00
3.12E-04	15.54241	4.96E-02	0.00E+00	0.00E+00
3.31E-04	15.13745	4.82E-02	0.00E+00	0.00E+00
3.49E-04	14.76617	4.69E-02	0.00E+00	0.00E+00
3.50E-04	14.75181	4.68E-02	0.00E+00	0.00E+00
3.52E-04	14.70725	4.67E-02	0.00E+00	0.00E+00
3.55E-04	14.66315	4.65E-02	0.00E+00	0.00E+00
3.59E-04	14.57627	4.62E-02	0.00E+00	0.00E+00
3.69E-04	14.40769	4.56E-02	0.00E+00	0.00E+00
3.88E-04	14.08967	4.45E-02	0.00E+00	0.00E+00
4.25E-04	13.52017	4.25E-02	0.00E+00	0.00E+00
4.63E-04	13.02398	4.07E-02	0.00E+00	0.00E+00
5.00E-04	12.58695	3.92E-02	0.00E+00	0.00E+00
5.31E-04	12.26023	3.80E-02	0.00E+00	0.00E+00
5.63E-04	11.96238	3.69E-02	0.00E+00	0.00E+00
5.94E-04	11.68952	3.59E-02	0.00E+00	0.00E+00
6.25E-04	11.43845	3.50E-02	0.00E+00	0.00E+00
6.88E-04	10.99145	3.34E-02	0.00E+00	0.00E+00
7.50E-04	10.60479	3.20E-02	0.00E+00	0.00E+00
8.13E-04	10.26645	3.07E-02	0.00E+00	0.00E+00
8.75E-04	9.967497	2.96E-02	0.00E+00	0.00E+00
9.38E-04	9.701134	2.86E-02	0.00E+00	0.00E+00
1.00E-03	9.462087	2.77E-02	0.00E+00	0.00E+00
1.06E-03	9.246189	2.69E-02	0.00E+00	0.00E+00
1.13E-03	9.050107	2.61E-02	0.00E+00	0.00E+00
1.19E-03	8.871132	2.54E-02	0.00E+00	0.00E+00
1.25E-03	8.707042	2.48E-02	0.00E+00	0.00E+00
1.37E-03	8.416696	2.36E-02	0.00E+00	0.00E+00
1.50E-03	8.167264	2.26E-02	0.00E+00	0.00E+00
1.50E-03	8.166837	2.26E-02	0.00E+00	0.00E+00
1.50E-03	8.16593	2.26E-02	0.00E+00	0.00E+00
1.50E-03	8.165024	2.26E-02	0.00E+00	0.00E+00
1.50E-03	8.163213	2.26E-02	0.00E+00	0.00E+00
1.50E-03	8.159599	2.26E-02	0.00E+00	0.00E+00
1.51E-03	8.152394	2.26E-02	0.00E+00	0.00E+00
1.52E-03	8.138078	2.25E-02	0.00E+00	0.00E+00
1.53E-03	8.109812	2.24E-02	0.00E+00	0.00E+00
1.56E-03	8.054714	2.22E-02	0.00E+00	0.00E+00
1.63E-03	7.94991	2.17E-02	0.00E+00	0.00E+00
1.75E-03	7.759514	2.09E-02	0.00E+00	0.00E+00
1.88E-03	7.590978	2.02E-02	0.00E+00	0.00E+00
2.00E-03	7.440684	1.96E-02	0.00E+00	0.00E+00
2.19E-03	7.243381	1.87E-02	0.00E+00	0.00E+00
2.38E-03	7.073513	1.80E-02	0.00E+00	0.00E+00
2.56E-03	6.925696	1.73E-02	0.00E+00	0.00E+00
2.75E-03	6.795882	1.67E-02	0.00E+00	0.00E+00
2.94E-03	6.682053	1.62E-02	0.00E+00	0.00E+00
3.12E-03	6.580473	1.57E-02	0.00E+00	0.00E+00
3.31E-03	6.489273	1.52E-02	0.00E+00	0.00E+00
3.49E-03	6.406946	1.48E-02	0.00E+00	0.00E+00
3.50E-03	6.403788	1.48E-02	0.00E+00	0.00E+00
3.52E-03	6.393998	1.48E-02	0.00E+00	0.00E+00
3.55E-03	6.384327	1.47E-02	0.00E+00	0.00E+00
3.59E-03	6.365332	1.46E-02	0.00E+00	0.00E+00
3.69E-03	6.328678	1.44E-02	0.00E+00	0.00E+00
3.88E-03	6.260292	1.41E-02	0.00E+00	0.00E+00
4.25E-03	6.140409	1.34E-02	0.00E+00	0.00E+00
4.63E-03	6.038804	1.29E-02	0.00E+00	0.00E+00
5.00E-03	5.951635	1.24E-02	0.00E+00	0.00E+00
5.31E-03	5.88795	1.20E-02	0.00E+00	0.00E+00
5.63E-03	5.831042	1.17E-02	0.00E+00	0.00E+00
5.94E-03	5.779897	1.14E-02	0.00E+00	0.00E+00
6.25E-03	5.733692	1.11E-02	0.00E+00	0.00E+00
6.88E-03	5.653525	1.06E-02	0.00E+00	0.00E+00
7.50E-03	5.586404	1.01E-02	0.00E+00	0.00E+00
8.13E-03	5.529416	9.72E-03	0.00E+00	0.00E+00
8.75E-03	5.480447	9.36E-03	0.00E+00	0.00E+00
9.38E-03	5.437929	9.05E-03	0.00E+00	0.00E+00
1.00E-02	5.400676	8.76E-03	0.00E+00	0.00E+00
1.06E-02	5.368262	8.50E-03	0.00E+00	0.00E+00
1.12E-02	5.339379	8.27E-03	0.00E+00	0.00E+00
1.13E-02	5.338504	8.26E-03	0.00E+00	0.00E+00
1.13E-02	5.335071	8.23E-03	0.00E+00	0.00E+00
1.14E-02	5.331686	8.20E-03	0.00E+00	0.00E+00
1.16E-02	5.325051	8.15E-03	0.00E+00	0.00E+00
1.19E-02	5.312302	8.04E-03	0.00E+00	0.00E+00
1.25E-02	5.288711	7.83E-03	0.00E+00	0.00E+00
1.38E-02	5.247945	7.47E-03	0.00E+00	0.00E+00
1.50E-02	5.213962	7.15E-03	0.00E+00	0.00E+00
1.63E-02	5.185202	6.87E-03	0.00E+00	0.00E+00
1.75E-02	5.160548	6.62E-03	0.00E+00	0.00E+00
1.88E-02	5.139179	6.40E-03	0.00E+00	0.00E+00
2.00E-02	5.120481	6.19E-03	0.00E+00	0.00E+00
2.13E-02	5.103054	6.00E-03	0.00E+00	0.00E+00
2.27E-02	5.087666	5.82E-03	0.00E+00	0.00E+00
2.40E-02	5.073979	5.66E-03	0.00E+00	0.00E+00
2.53E-02	5.061725	5.51E-03	0.00E+00	0.00E+00
2.68E-02	5.049259	5.35E-03	0.00E+00	0.00E+00
2.83E-02	5.03812	5.21E-03	0.00E+00	0.00E+00
3.13E-02	5.019058	4.95E-03	0.00E+00	0.00E+00
3.43E-02	5.003342	4.73E-03	0.00E+00	0.00E+00
3.74E-02	4.990162	4.53E-03	0.00E+00	0.00E+00
4.04E-02	4.97895	4.36E-03	0.00E+00	0.00E+00
4.34E-02	4.969296	4.21E-03	0.00E+00	0.00E+00
4.64E-02	4.960897	4.07E-03	0.00E+00	0.00E+00
4.94E-02	4.953522	3.94E-03	0.00E+00	0.00E+00
5.00E-02	4.952193	3.92E-03	0.00E+00	0.00E+00
5.16E-02	4.948793	3.86E-03	0.00E+00	0.00E+00
5.31E-02	4.945593	3.80E-03	0.00E+00	0.00E+00
5.63E-02	4.939727	3.69E-03	0.00E+00	0.00E+00
5.94E-02	4.934478	3.59E-03	0.00E+00	0.00E+00
6.25E-02	4.929754	3.50E-03	0.00E+00	0.00E+00
6.88E-02	4.921595	3.34E-03	0.00E+00	0.00E+00
7.50E-02	4.914795	3.20E-03	0.00E+00	0.00E+00
8.13E-02	4.909042	3.07E-03	0.00E+00	0.00E+00
8.75E-02	4.90411	2.96E-03	0.00E+00	0.00E+00
9.38E-02	4.899836	2.86E-03	0.00E+00	0.00E+00
1.00E-01	4.896096	2.77E-03	0.00E+00	0.00E+00
1.06E-01	4.892797	2.69E-03	0.00E+00	0.00E+00
1.13E-01	4.889863	2.61E-03	0.00E+00	0.00E+00
1.19E-01	4.887239	2.54E-03	0.00E+00	0.00E+00
1.25E-01	4.884877	2.48E-03	0.00E+00	0.00E+00
1.37E-01	4.880801	2.36E-03	0.00E+00	0.00E+00
1.50E-01	4.877403	2.26E-03	0.00E+00	0.00E+00
1.50E-01	4.877398	2.26E-03	0.00E+00	0.00E+00
1.50E-01	4.877385	2.26E-03	0.00E+00	0.00E+00
1.50E-01	4.877373	2.26E-03	0.00E+00	0.00E+00
1.50E-01	4.877349	2.26E-03	0.00E+00	0.00E+00
1.50E-01	4.8773	2.26E-03	0.00E+00	0.00E+00
1.51E-01	4.877204	2.26E-03	0.00E+00	0.00E+00
1.52E-01	4.877012	2.25E-03	0.00E+00	0.00E+00
1.53E-01	4.876634	2.24E-03	0.00E+00	0.00E+00
1.56E-01	4.875902	2.22E-03	0.00E+00	0.00E+00
1.63E-01	4.874521	2.17E-03	0.00E+00	0.00E+00
1.75E-01	4.872055	2.09E-03	0.00E+00	0.00E+00
1.88E-01	4.869918	2.02E-03	0.00E+00	0.00E+00
2.00E-01	4.868048	1.96E-03	0.00E+00	0.00E+00
2.19E-01	4.865644	1.87E-03	0.00E+00	0.00E+00
2.38E-01	4.863619	1.80E-03	0.00E+00	0.00E+00
2.56E-01	4.861891	1.73E-03	0.00E+00	0.00E+00
2.75E-01	4.860399	1.67E-03	0.00E+00	0.00E+00
2.94E-01	4.859109	1.62E-03	0.00E+00	0.00E+00
3.12E-01	4.857972	1.57E-03	0.00E+00	0.00E+00
3.31E-01	4.856963	1.52E-03	0.00E+00	0.00E+00
3.49E-01	4.856062	1.48E-03	0.00E+00	0.00E+00
3.50E-01	4.856028	1.48E-03	0.00E+00	0.00E+00
3.52E-01	4.855921	1.48E-03	0.00E+00	0.00E+00
3.55E-01	4.855816	1.47E-03	0.00E+00	0.00E+00
3.59E-01	4.855609	1.46E-03	0.00E+00	0.00E+00
3.69E-01	4.855213	1.44E-03	0.00E+00	0.00E+00
3.88E-01	4.854476	1.41E-03	0.00E+00	0.00E+00
4.25E-01	4.853199	1.34E-03	0.00E+00	0.00E+00
5.00E-01	4.851219	1.24E-03	0.00E+00	0.00E+00
6.25E-01	4.848975	1.11E-03	0.00E+00	0.00E+00
7.50E-01	4.847479	1.01E-03	0.00E+00	0.00E+00
8.75E-01	4.846411	9.40E-04	0.00E+00	0.00E+00
1.00E+00	4.84561	8.80E-04	0.00E+00	0.00E+00
1.25E+00	4.844488	7.80E-04	0.00E+00	0.00E+00
1.50E+00	4.84374	7.20E-04	0.00E+00	0.00E+00
1.50E+00	4.84374	7.20E-04	0.00E+00	0.00E+00
1.50E+00	4.843739	7.20E-04	0.00E+00	0.00E+00
1.50E+00	4.843737	7.20E-04	0.00E+00	0.00E+00
1.50E+00	4.843735	7.10E-04	0.00E+00	0.00E+00
1.50E+00	4.84373	7.10E-04	0.00E+00	0.00E+00
1.51E+00	4.84372	7.10E-04	0.00E+00	0.00E+00
1.52E+00	4.843701	7.10E-04	0.00E+00	0.00E+00
1.53E+00	4.843663	7.10E-04	0.00E+00	0.00E+00
1.56E+00	4.84359	7.00E-04	0.00E+00	0.00E+00
1.63E+00	4.843452	6.90E-04	0.00E+00	0.00E+00
1.75E+00	4.843205	6.60E-04	0.00E+00	0.00E+00
2.00E+00	4.842805	6.20E-04	0.00E+00	0.00E+00
2.38E+00	4.842362	5.70E-04	0.00E+00	0.00E+00
2.75E+00	4.84204	5.30E-04	0.00E+00	0.00E+00
3.12E+00	4.841797	5.00E-04	0.00E+00	0.00E+00
3.49E+00	4.841606	4.70E-04	0.00E+00	0.00E+00
3.50E+00	4.841603	4.70E-04	0.00E+00	0.00E+00
3.52E+00	4.841592	4.70E-04	0.00E+00	0.00E+00
3.55E+00	4.841582	4.70E-04	0.00E+00	0.00E+00
3.59E+00	4.841561	4.60E-04	0.00E+00	0.00E+00
3.69E+00	4.841521	4.60E-04	0.00E+00	0.00E+00
3.88E+00	4.841448	4.50E-04	0.00E+00	0.00E+00
4.25E+00	4.84132	4.30E-04	0.00E+00	0.00E+00
5.00E+00	4.841122	3.90E-04	0.00E+00	0.00E+00
5.00E+00	4.840898	3.90E-04	0.00E+00	0.00E+00
6.25E+00	4.840748	3.50E-04	0.00E+00	0.00E+00
7.50E+00	4.840641	3.20E-04	0.00E+00	0.00E+00
8.75E+00	4.840561	3.00E-04	0.00E+00	0.00E+00
1.00E+01	4.840449	2.80E-04	0.00E+00	0.00E+00
1.25E+01	4.840374	2.50E-04	0.00E+00	0.00E+00
1.50E+01	4.840374	2.30E-04	0.00E+00	0.00E+00
1.50E+01	4.840374	2.30E-04	0.00E+00	0.00E+00
1.50E+01	4.840373	2.30E-04	0.00E+00	0.00E+00
1.50E+01	4.840373	2.30E-04	0.00E+00	0.00E+00
1.50E+01	4.840372	2.30E-04	0.00E+00	0.00E+00
1.51E+01	4.84037	2.30E-04	0.00E+00	0.00E+00
1.52E+01	4.840366	2.30E-04	0.00E+00	0.00E+00
1.53E+01	4.840359	2.20E-04	0.00E+00	0.00E+00
1.56E+01	4.840345	2.20E-04	0.00E+00	0.00E+00
1.63E+01	4.840321	2.20E-04	0.00E+00	0.00E+00
1.75E+01	4.84028	2.10E-04	0.00E+00	0.00E+00
2.00E+01	4.840249	2.00E-04	0.00E+00	0.00E+00
2.25E+01	4.840224	1.90E-04	0.00E+00	0.00E+00
2.50E+01	4.840204	1.80E-04	0.00E+00	0.00E+00
2.75E+01	4.840187	1.70E-04	0.00E+00	0.00E+00
3.00E+01	4.840173	1.60E-04	0.00E+00	0.00E+00
3.25E+01	4.84016	1.50E-04	0.00E+00	0.00E+00
3.50E+01	4.84014	1.50E-04	0.00E+00	0.00E+00
4.00E+01	4.840125	1.40E-04	0.00E+00	0.00E+00
4.50E+01	4.840112	1.30E-04	0.00E+00	0.00E+00
5.00E+01	4.84009	1.20E-04	0.00E+00	0.00E+00
6.25E+01	4.840082	1.10E-04	0.00E+00	0.00E+00
6.87E+01	4.840082	1.10E-04	0.00E+00	0.00E+00
6.88E+01	4.840075	1.10E-04	0.00E+00	0.00E+00
7.50E+01	4.840064	1.00E-04	0.00E+00	0.00E+00
8.75E+01	4.840056	9.00E-05	0.00E+00	0.00E+00
1.00E+02	4.840045	9.00E-05	0.00E+00	0.00E+00
1.25E+02	4.840037	8.00E-05	0.00E+00	0.00E+00
1.50E+02	4.840032	7.00E-05	0.00E+00	0.00E+00
1.75E+02	4.840028	7.00E-05	0.00E+00	0.00E+00
2.00E+02	4.840025	6.00E-05	0.00E+00	0.00E+00
2.25E+02	4.840022	6.00E-05	0.00E+00	0.00E+00
2.50E+02	4.84002	6.00E-05	0.00E+00	0.00E+00
2.75E+02	4.840019	5.00E-05	0.00E+00	0.00E+00
3.00E+02	4.840017	5.00E-05	0.00E+00	0.00E+00
3.25E+02	4.840016	5.00E-05	0.00E+00	0.00E+00
3.50E+02	4.840014	5.00E-05	0.00E+00	0.00E+00
4.00E+02	4.840012	4.00E-05	0.00E+00	0.00E+00
4.50E+02	4.840011	4.00E-05	0.00E+00	0.00E+00
5.00E+02	4.840009	4.00E-05	0.00E+00	0.00E+00
6.25E+02	4.840007	4.00E-05	0.00E+00	0.00E+00
7.50E+02	4.840006	3.00E-05	0.00E+00	0.00E+00
8.75E+02	4.840006	3.00E-05	0.00E+00	0.00E+00
1.00E+03	4.840004	3.00E-05	0.00E+00	0.00E+00
1.25E+03	4.840004	2.00E-05	0.00E+00	0.00E+00
1.50E+03	4.840003	2.00E-05	0.00E+00	0.00E+00
1.75E+03	4.840003	2.00E-05	0.00E+00	0.00E+00
2.00E+03	4.840002	2.00E-05	0.00E+00	0.00E+00
2.25E+03	4.840002	2.00E-05	0.00E+00	0.00E+00
2.50E+03	4.840002	2.00E-05	0.00E+00	0.00E+00
2.75E+03	4.840002	2.00E-05	0.00E+00	0.00E+00
3.00E+03	4.840002	2.00E-05	0.00E+00	0.00E+00
3.25E+03	4.840002	2.00E-05	0.00E+00	0.00E+00
3.50E+03	4.840001	2.00E-05	0.00E+00	0.00E+00
4.00E+03	4.840001	1.00E-05	0.00E+00	0.00E+00
4.50E+03	4.840001	1.00E-05	0.00E+00	0.00E+00
5.00E+03	4.840001	1.00E-05	0.00E+00	0.00E+00
6.25E+03	4.840001	1.00E-05	0.00E+00	0.00E+00
7.50E+03	4.840001	1.00E-05	0.00E+00	0.00E+00
8.75E+03	4.840015	1.00E-05	0.00E+00	0.00E+00
1.00E+04	4.84225	1.00E-05	0.00E+00	0.00E+00
1.04E+04	4.844498	1.00E-05	0.00E+00	0.00E+00
1.09E+04	4.846747	1.00E-05	0.00E+00	0.00E+00
1.13E+04	4.848996	1.00E-05	0.00E+00	0.00E+00
1.17E+04	4.851245	2.00E-05	0.00E+00	0.00E+00
1.21E+04	4.853494	2.00E-05	0.00E+00	0.00E+00
1.26E+04	4.855743	2.00E-05	0.00E+00	0.00E+00
1.30E+04	4.857991	2.00E-05	0.00E+00	0.00E+00
1.34E+04	4.860837	3.00E-05	0.00E+00	0.00E+00
1.40E+04	4.863682	3.00E-05	0.00E+00	0.00E+00
1.45E+04	4.866528	4.00E-05	0.00E+00	0.00E+00
1.51E+04	4.869373	4.00E-05	0.00E+00	0.00E+00
1.56E+04	4.872219	5.00E-05	0.00E+00	0.00E+00
1.62E+04	4.875064	6.00E-05	0.00E+00	0.00E+00
1.67E+04	4.877909	6.00E-05	0.00E+00	0.00E+00
1.72E+04	4.880755	7.00E-05	0.00E+00	0.00E+00
1.78E+04	4.885804	8.00E-05	0.00E+00	0.00E+00
1.87E+04	4.888328	1.00E-04	0.00E+00	0.00E+00
1.92E+04	4.889591	1.10E-04	0.00E+00	0.00E+00
1.95E+04	4.890025	1.20E-04	0.00E+00	0.00E+00
1.95E+04	4.892746	1.20E-04	0.00E+00	0.00E+00
1.95E+04	4.903866	1.20E-04	0.00E+00	0.00E+00
1.96E+04	4.936468	1.20E-04	0.00E+00	0.00E+00
1.96E+04	4.969701	1.40E-04	0.00E+00	0.00E+00
1.96E+04	4.989162	1.60E-04	0.00E+00	0.00E+00
1.96E+04	5.018582	1.80E-04	0.00E+00	0.00E+00
1.96E+04	5.090707	1.90E-04	0.00E+00	0.00E+00
1.97E+04	5.163849	2.30E-04	0.00E+00	0.00E+00
1.97E+04	5.212818	2.80E-04	0.00E+00	0.00E+00
1.97E+04	5.25029	3.10E-04	0.00E+00	0.00E+00
1.97E+04	5.297113	3.30E-04	0.00E+00	0.00E+00
1.97E+04	5.401101	3.60E-04	0.00E+00	0.00E+00
1.98E+04	5.506604	4.20E-04	0.00E+00	0.00E+00
1.98E+04	5.612119	5.00E-04	0.00E+00	0.00E+00
1.98E+04	5.717635	5.90E-04	0.00E+00	0.00E+00
1.98E+04	5.82315	6.90E-04	0.00E+00	0.00E+00
1.98E+04	5.929082	8.10E-04	0.00E+00	0.00E+00
1.98E+04	5.998498	9.60E-04	0.00E+00	0.00E+00
1.98E+04	6.110228	1.05E-03	0.00E+00	0.00E+00
1.99E+04	6.206545	1.18E-03	0.00E+00	0.00E+00
19862.03	6.34069	0.00126	0	0
19866.82	6.512014	0.00135	0	0
19871.61	6.711983	0.00147	0	0
19876.4	6.929796	0.00161	0	0
19881.2	7.155455	0.00177	0	0
19885.99	7.613977	0.00194	0	0
19895.57	8.076131	0.00235	0	0
19905.15	8.314959	0.00284	0	0
19909.94	8.577197	0.00313	0	0
19914.73	8.929601	0.00345	0	0
19919.87	9.439612	0.00386	0	0
19925.01	9.786901	0.00437	0	0
19927.58	10.21142	0.00468	0	0
19930.15	10.72025	0.00503	0	0
19932.72	11.31258	0.00545	0	0
19935.28	11.98941	0.00592	0	0
19937.85	12.74118	0.00646	0	0
19940.42	13.55961	0.00708	0	0
19942.99	14.43603	0.00778	0	0
19945.55	15.37976	0.00857	0	0
19948.12	16.40193	0.00945	0	0
19950.69	17.53252	0.01045	0	0
19953.26	18.81329	0.01159	0	0
19955.82	20.727	0.0129	0	0
19959.02	23.12134	0.01483	0	0
19962.22	26.13499	0.01718	0	0
19965.42	29.87094	0.02009	0	0
19968.62	34.37042	0.02367	0	0
19971.82	39.60214	0.02804	0	0
19975.02	45.46401	0.03326	0	0
19978.22	51.78356	0.03933	0	0
19981.42	61.23219	0.04611	0	0
19986.07	69.8696	0.05662	0	0
19990.71	73.40796	0.06647	0	0
19993.04	76.11586	0.07053	0	0
19995.36	77.82844	0.07364	0	0
19997.68	78.4227	0.0756	0	0
20000	77.4341	0.07626	0	0
20003.06	74.57379	0.07509	0	0
20006.11	70.18553	0.07174	0	0
20009.16	64.73494	0.06665	0	0
20012.21	52.48407	0.06038	0	0
20018.32	46.44261	0.04662	0	0
20021.37	40.78852	0.0401	0	0
20024.42	35.10428	0.03422	0	0
20027.84	30.24266	0.02852	0	0
20031.26	26.24818	0.0238	0	0
20034.68	23.07943	0.01997	0	0
20038.09	20.58986	0.01692	0	0
20041.51	18.61968	0.01448	0	0
20044.93	17.00142	0.01249	0	0
20048.35	15.60862	0.01086	0	0
20051.76	14.47401	0.0095	0	0
20054.84	13.4343	0.00844	0	0
20057.91	12.48209	0.00753	0	0
20060.99	11.63515	0.00674	0	0
20064.06	10.90145	0.00606	0	0
20067.14	10.29295	0.00548	0	0
20070.21	9.803719	0.00499	0	0
20073.28	9.419901	0.00458	0	0
20076.35	8.881684	0.00423	0	0
20082.5	8.509383	0.00367	0	0
20088.65	8.192971	0.00323	0	0
20094.8	7.889915	0.00285	0	0
20100.94	7.611521	0.00253	0	0
20106.62	7.33403	0.00226	0	0
20112.3	7.059762	0.00202	0	0
20117.98	6.796148	0.0018	0	0
20123.66	6.558036	0.00162	0	0
20129.34	6.363946	0.00145	0	0
20135.02	6.22466	0.00132	0	0
20140.7	6.134596	0.00122	0	0
20146.38	6.033168	0.00113	0	0
20157.74	5.957921	0.001	0	0
20169.1	5.88435	0.00089	0	0
20180.46	5.810875	0.0008	0	0
20191.81	5.687878	0.00071	0	0
20210.81	5.564946	0.00059	0	0
20229.8	5.442084	0.00049	0	0
20248.8	5.382186	0.0004	0	0
20258.3	5.329684	0.00037	0	0
20267.79	5.293082	0.00034	0	0
20277.29	5.2717	0.00031	0	0
20286.79	5.242833	0.00029	0	0
20305.78	5.21529	0.00026	0	0
20324.78	5.187832	0.00023	0	0
20343.77	5.169133	0.00021	0	0
20357.55	5.15503	0.00019	0	0
20371.33	5.135444	0.00018	0	0
20398.89	5.116671	0.00015	0	0
20426.45	5.107509	0.00014	0	0
20440.23	5.100484	0.00013	0	0
20454	5.09773	0.00012	0	0
20471.25	5.097362	0.00012	0	0
20488.5	5.096823	0.00012	0	0
20522.99	5.095746	0.00012	0	0
20591.97	5.093591	0.00011	0	0
20729.94	5.089281	0.00011	0	0
21005.88	5.084972	0.00009	0	0
21281.82	5.080663	0.00008	0	0
21557.75	5.076353	0.00007	0	0
21833.69	5.072044	0.00007	0	0
22109.63	5.067735	0.00006	0	0
22385.57	5.063425	0.00005	0	0
22661.5	5.059347	0.00005	0	0
22922.65	5.053959	0.00004	0	0
23267.66	5.048571	0.00004	0	0
23612.66	5.044391	0.00003	0	0
23880.34	5.04021	0.00003	0	0
24148.02	5.03603	0.00003	0	0
24415.7	5.031849	0.00002	0	0
24683.37	5.023488	0.00002	0	0
25218.72	5.015128	0.00002	0	0
25754.07	5.006418	0.00002	0	0
26311.77	5.002063	0.00001	0	0
26590.62	4.997708	0.00001	0	0
26869.47	4.989159	0.00001	0	0
27416.88	4.982899	0.00001	0	0
27817.76	4.976638	0.00001	0	0
28218.63	4.972536	0.00001	0	0
28481.28	4.96606	0.00001	0	0
28895.98	4.959708	0.00001	0	0
29310.67	4.950601	0.00001	0	0
30140.06	4.932389	0	0	0
31798.84	4.931569	0	0	0
31873.5	4.928459	0	0	0
32156.73	4.92535	0	0	0
32439.96	4.919131	0	0	0
33006.41	4.906692	0	0	0
34139.32	4.881814	0	0	0
36405.13	4.832061	0	0	0
40936.75	4.732552	0	0	0
50000	4.601423	0	0	0
66748.65	4.597338	0	0	0
67456	4.585589	0	0	0
69490	4.573839	0	0	0
71524	4.55034	0	0	0
75592	4.503344	0	0	0
83728	4.409364	0	0	0
100000	4.321773	0	0	0
120000	4.26902	0	0	0
130000	4.216263	0	0	0
140000	4.115809	0	0	0
160000	4.032529	0	0	0
180000	3.980816	0	0	0
200000	3.969524	0	0	0
220000	3.919973	0	0	0
239010	3.915418	0	0	0
240000	3.804592	0	0	0
260000	3.681818	0	0	0
280000	3.570003	0	0	0
300000	3.461877	0	0	0
320000	3.480315	0	0	0
340000	3.530107	0	0	0
360000	3.53868	0	0	0
365000	3.54724	0	0	0
370000	3.564685	0.00001	0	0
380000	3.669993	0.00001	0	0
385000	3.829536	0.00001	0	0
390000	4.03785	0.00001	0	0
395000	4.290312	0.00001	0	0
400000	4.462895	0.00001	0	0
402500	4.636262	0.00001	0	0
405000	5.115701	0.00001	0	0
410000	5.458146	0.00002	0	0
412500	5.801529	0.00002	0	0
415000	6.549007	0.00002	0	0
420000	7.02405	0.00003	0	0
425000	7.237939	0.00003	0	0
430000	6.884217	0.00003	0	0
435000	6.319339	0.00003	0	0
440000	5.949974	0.00003	0	0
442500	5.580704	0.00002	0	0
445000	5.040354	0.00002	0	0
450000	4.821325	0.00002	0	0
452500	4.603016	0.00002	0	0
455000	4.43133	0.00001	0	0
457500	4.260331	0.00001	0	0
460000	4.010145	0.00001	0	0
465000	3.810082	0.00001	0	0
470000	3.808257	0.00001	0	0
470049.9	3.802817	0.00001	0	0
470204.6	3.797394	0.00001	0	0
470359.3	3.786547	0.00001	0	0
470668.7	3.764853	0.00001	0	0
471287.5	3.721468	0.00001	0	0
472525	3.634814	0.00001	0	0
475000	3.490099	0.00001	0	0
480000	3.376119	0.00001	0	0
484923.7	3.374424	0.00001	0	0
485000	3.368349	0.00001	0	0
485312.5	3.362349	0.00001	0	0
485625	3.350347	0.00001	0	0
486250	3.326345	0	0	0
487500	3.278419	0	0	0
490000	3.203254	0	0	0
495000	3.150061	0	0	0
500000	3.07543	0	0	0
510000	3.000892	0	0	0
520000	2.884051	0	0	0
540000	2.778549	0	0	0
560000	2.681509	0	0	0
580000	2.593588	0	0	0
600000	2.51323	0	0	0
620000	2.461225	0	0	0
640000	2.386618	0	0	0
660000	2.292474	0	0	0
680000	2.220017	0	0	0
7.00E+05	2.162161	0	0	0
7.20E+05	2.087929	0	0	0
7.40E+05	2.012747	0	0	0
7.60E+05	1.943347	0	0	0
7.80E+05	1.880017	0	0	0
8.00E+05	1.830986	0	0	0
8.20E+05	1.802922	0	0	0
8.40E+05	1.776656	0	0	0
8.60E+05	1.739142	0	0	0
8.80E+05	1.680026	0	0	0
9.00E+05	1.640684	0	0	0
9.20E+05	1.635259	0	0	0
9.40E+05	1.644595	0	0	0
9.60E+05	1.687844	0	0	0
9.80E+05	1.65153	0	0	0
9.90E+05	1.614978	0	0	0
1.00E+06	1.57035	0	0	0
1.01E+06	1.229041	0	0	0
1.01E+06	1.180659	0	0	0
1.01E+06	1.180073	0	0	0
1.01E+06	1.068588	0	0	0
1.01E+06	1.121673	0	0	0
1.02E+06	1.159629	0	0	0
1.02E+06	1.217825	0	0	0
1.02E+06	1.345373	0	0	0
1.02E+06	1.494257	0	0	0
1.02E+06	1.80688	0	0	0
1.03E+06	1.86014	0	0	0
1.03E+06	1.88204	0	0	0
1.03E+06	1.912652	0	0	0
1.03E+06	1.947614	0	0	0
1.04E+06	1.940912	0	0	0
1.05E+06	1.940771	0	0	0
1.05E+06	1.947958	0	0	0
1.05E+06	1.955292	0	0	0
1.05E+06	1.969964	0	0	0
1.06E+06	1.999308	0	0	0
1.06E+06	2.057995	0	0	0
1.08E+06	2.17543	0	0	0
1.10E+06	2.447764	0	0	0
1.14E+06	2.548206	0	0	0
1.15E+06	2.698551	0	0	0
1.16E+06	2.993347	0	0	0
1.18E+06	3.394274	0	0	0
1.20E+06	3.972247	0	0	0
1.22E+06	4.481903	0	0	0
1.24E+06	4.744181	0	0	0
1.25E+06	4.995233	0	0	0
1.26E+06	5.038734	0	0	0
1.27E+06	4.999736	0	0	0
1.27E+06	4.831871	0	0	0
1.28E+06	4.660203	0	0	0
1.29E+06	4.491785	0	0	0
1.30E+06	4.04913	0	0	0
1.32E+06	3.670081	0	0	0
1.34E+06	3.515815	0	0	0
1.35E+06	3.379071	0	0	0
1.36E+06	3.150374	0	0	0
1.38E+06	2.980663	0	0	0
1.40E+06	2.70048	0	0	0
1.45E+06	2.527547	0	0	0
1.50E+06	2.424659	0	0	0
1.55E+06	2.335563	0	0	0
1.60E+06	2.28005	0	0	0
1.65E+06	2.29629	0	0	0
1.70E+06	2.33617	0	0	0
1.71E+06	2.376258	0	0	0
1.72E+06	2.437985	0	0	0
1.73E+06	2.499945	0	0	0
1.74E+06	2.605023	0	0	0
1.75E+06	2.754729	0	0	0
1.76E+06	2.71975	0	0	0
1.77E+06	2.683963	0.00001	0	0
1.78E+06	2.6107	0.00001	0	0
1.79E+06	2.53717	0.00001	0	0
1.80E+06	2.42816	0.00001	0	0
1.81E+06	2.319329	0.00001	0	0
1.82E+06	2.294175	0.00001	0	0
1.83E+06	2.269295	0	0	0
1.84E+06	2.234929	0	0	0
1.85E+06	2.211668	0	0	0
1.86E+06	2.188395	0	0	0
1.86E+06	2.14185	0	0	0
1.88E+06	2.048877	0	0	0
1.90E+06	2.018703	0	0	0
1.95E+06	1.953039	0	0	0
2.00E+06	1.87258	0	0	0
2.05E+06	1.84297	0	0	0
2.10E+06	1.84125	0	0	0
2.15E+06	1.79496	0	0	0
2.20E+06	1.798011	0	0	0
2.22E+06	1.800707	0	0	0
2.25E+06	1.8013	0	0	0
2.25E+06	1.817511	0	0	0
2.26E+06	1.836544	0	0	0
2.28E+06	1.853314	0	0	0
2.30E+06	1.85878	0	0	0
2.30E+06	1.93533	0	0	0
2.32E+06	1.935349	0	0	0
2.32E+06	1.9384	0	0	0
2.32E+06	1.944821	0	0	0
2.32E+06	2.06721	0	0	0
2.34E+06	2.070027	0	0	0
2.34E+06	2.12344	0	0	0
2.35E+06	2.163396	0	0	0
2.36E+06	2.19975	0	0	0
2.36E+06	2.357428	0	0	0
2.38E+06	2.37982	0	0	0
2.38E+06	2.54184	0	0	0
2.40E+06	2.553766	0	0	0
2.40E+06	2.565322	0	0	0
2.40E+06	2.576531	0	0	0
2.40E+06	2.587392	0	0	0
2.41E+06	2.597923	0	0	0
2407275	2.60813	0	0	0
2408599	2.61802	0	0	0
2409882	2.627603	0	0	0
2411125	2.6369	0	0	0
2412331	2.645904	0	0	0
2413499	2.654638	0	0	0
2414632	2.663095	0	0	0
2415729	2.671297	0	0	0
2416793	2.679245	0	0	0
2417824	2.686947	0	0	0
2418823	2.694409	0	0	0
2419791	2.69602	0	0	0
2420000	2.696513	0	0	0
2420729	2.697129	0	0	0
2421639	2.697725	0	0	0
2422520	2.698303	0	0	0
2423374	2.698816	0	0	0
2424133	2.698863	0	0	0
2424202	2.699948	0	0	0
2425806	2.700966	0	0	0
2427311	2.701921	0	0	0
2428723	2.702817	0	0	0
2430047	2.703658	0	0	0
2431290	2.704446	0	0	0
2432455	2.705185	0	0	0
2433548	2.705879	0	0	0
2434573	2.706529	0	0	0
2435534	2.707139	0	0	0
2436436	2.707711	0	0	0
2437281	2.708784	0	0	0
2438867	2.70955	0	0	0
2440000	2.708797	0	0	0
2440256	2.705222	0	0	0
2441472	2.702094	0	0	0
2442536	2.699354	0	0	0
2443468	2.694559	0	0	0
2445099	2.69353	0	0	0
2445449	2.690957	0	0	0
2446324	2.688259	0	0	0
2447242	2.684204	0	0	0
2448621	2.68015	0	0	0
2450000	2.641865	0	0	0
2456195	2.61835	0	0	0
2460000	2.609244	0	0	0
2461628	2.594555	0	0	0
2464254	2.582596	0	0	0
2466392	2.559238	0	0	0
2470568	2.51826	0	0	0
2477894	2.50648	0	0	0
2480000	2.484888	0	0	0
2483402	2.458617	0	0	0
2487541	2.419126	0	0	0
2493763	2.395338	0	0	0
2497511	2.37954	0	0	0
2500000	2.356633	0	0	0
2506196	2.34257	0	0	0
2510000	2.338974	0	0	0
2511630	2.32051	0	0	0
2520000	2.327039	0	0	0
2521168	2.335871	0	0	0
2522748	2.367159	0	0	0
2528345	2.37641	0.00001	0	0
2530000	2.411536	0.00001	0	0
2533742	2.47028	0.00001	0	0
2540000	2.505153	0.00001	0	0
2541843	2.505437	0.00001	0	0
2541858	2.6595	0.00001	0	0
2550000	2.72309	0.00001	0	0
2555000	2.80457	0.00001	0	0
2558000	2.91131	0.00001	0	0
2560000	3.01091	0.00001	0	0
2563000	2.90253	0.00001	0	0
2567000	2.88266	0.00001	0	0
2570000	2.869934	0.00001	0	0
2570757	2.800639	0.00001	0	0
2574879	2.71455	0.00001	0	0
2580000	2.5288	0.00001	0	0
2590000	2.36929	0.00001	0	0
2600000	2.278192	0.00001	0	0
2606198	2.22231	0.00001	0	0
2610000	2.210401	0.00001	0	0
2612070	2.181579	0.00001	0	0
2617080	2.16478	0.00001	0	0
2620000	2.143955	0.00001	0	0
2623437	2.132843	0.00001	0	0
2625271	2.095514	0.00001	0	0
2631432	2.079112	0	0	0
2634139	2.0436	0	0	0
2640000	2.041639	0	0	0
2640700	2.031801	0	0	0
2644211	2.01558	0	0	0
2650000	2.005561	0	0	0
2653689	1.98842	0	0	0
2660000	1.983653	0	0	0
2662605	1.968306	0	0	0
2670991	1.953875	0	0	0
2678877	1.95182	0	0	0
2680000	1.946344	0	0	0
2686291	1.940276	0	0	0
2693261	1.93441	0	0	0
2700000	1.92693	0	0	0
2706377	1.913405	0	0	0
2717907	1.90522	0	0	0
2724885	1.901525	0	0	0
2728035	1.891092	0	0	0
2736929	1.881937	0	0	0
2744734	1.87576	0	0	0
2750000	1.874094	0	0	0
2758448	1.872057	0	0	0
2768778	1.870524	0	0	0
2776550	1.868217	0	0	0
2788250	1.8659	0	0	0
2800000	1.87009	0	0	0
2850000	1.870273	0	0	0
2898275	1.87028	0	0	0
2900000	1.77063	0	0	0
2950000	1.72565	0	0	0
3000000	1.66118	0	0	0
3050000	1.62735	0	0	0
3100000	1.60108	0	0	0
3150000	1.55342	0	0	0
3200000	1.537034	0	0	0
3224903	1.521264	0	0	0
3248869	1.52052	0	0	0
3250000	1.500188	0	0	0
3274904	1.4797	0	0	0
3300000	1.480652	0	0	0
3323575	1.480706	0	0	0
3324906	1.48172	0	0	0
3350000	1.469262	0	0	0
3374907	1.45671	0	0	0
3400000	1.47598	0	0	0
3420000	1.481581	0	0	0
3424909	1.4988	0	0	0
3440000	1.50373	0	0	0
3450000	1.50804	0	0	0
3460000	1.522592	0	0	0
3474910	1.52756	0	0	0
3480000	1.55963	0	0	0
3500000	1.58712	0	0	0
3520000	1.59636	0	0	0
3530000	1.6009	0	0	0
3540000	1.59942	0	0	0
3550000	1.59751	0	0	0
3560000	1.59531	0	0	0
3574912	1.59456	0	0	0
3580000	1.59455	0	0	0
3600000	1.58744	0	0	0
3620000	1.56422	0	0	0
3640000	1.556704	0	0	0
3648991	1.55586	0	0	0
3650000	1.55014	0	0	0
3660000	1.53945	0	0	0
3680000	1.536584	0	0	0
3686171	1.53016	0	0	0
3700000	1.508757	0	0	0
3742653	1.50507	0	0	0
3750000	1.47234	0	0	0
3800000	1.44664	0	0	0
3850000	1.40637	0	0	0
3898718	1.40531	0	0	0
3900000	1.36144	0	0	0
3950000	1.30291	0	0	0
4000000	1.21625	0	0	0
4050000	1.1836	0	0	0
4100000	1.18851	0	0	0
4150000	1.21882	0	0	0
4200000	1.21488	0	0	0
4250000	1.21548	0	0	0
4300000	1.2107	0	0	0
4310000	1.20676	0	0	0
4320000	1.20509	0	0	0
4330000	1.20502	0	0	0
4340000	1.20594	0	0	0
4350000	1.20781	0	0	0
4360000	1.21087	0	0	0
4370000	1.21527	0	0	0
4380000	1.22199	0	0	0
4390000	1.22943	0	0	0
4400000	1.2348	0	0	0
4410000	1.23778	0	0	0
4420000	1.238606	0	0	0
4424516	1.23961	0	0	0
4430000	1.24158	0	0	0
4440000	1.243629	0	0	0
4446080	1.24495	0	0	0
4450000	1.25108	0	0	0
4460000	1.257595	0	0	0
4465035	1.26402	0	0	0
4470000	1.27986	0	0	0
4480000	1.28965	0	0	0
4490000	1.288911	0	0	0
4498400	1.28877	0	0	0
4500000	1.30039	0	0	0
4510000	1.33997	0	0	0
4520000	1.356715	0	0	0
4523588	1.38664	0	0	0
4530000	1.54674	0	0	0
4540000	1.56649	0	0	0
4542571	1.62356	0	0	0
4550000	1.54694	0	0	0
4560000	1.46281	0	0	0
4570000	1.458518	0	0	0
4571195	1.42689	0	0	0
4580000	1.42421	0	0	0
4590000	1.47184	0	0	0
4600000	1.5081	0	0	0
4610000	1.53764	0	0	0
4620000	1.55887	0	0	0
4630000	1.57687	0	0	0
4640000	1.587704	0	0	0
4649205	1.58864	0	0	0
4650000	1.59353	0	0	0
4660000	1.59475	0	0	0
4670000	1.59032	0	0	0
4680000	1.58134	0	0	0
4690000	1.57129	0	0	0
4700000	1.56059	0	0	0
4710000	1.54739	0	0	0
4720000	1.544125	0	0	0
4724001	1.53923	0	0	0
4730000	1.55063	0	0	0
4740000	1.57436	0	0	0
4750000	1.60018	0	0	0
4760000	1.61759	0	0	0
4770000	1.61576	0	0	0
4780000	1.59866	0	0	0
4790000	1.57735	0	0	0
4800000	1.60356	0	0	0
4810000	1.64589	0	0	0
4820000	1.65292	0	0	0
4830000	1.62178	0	0	0
4840000	1.581562	0	0	0
4849237	1.57824	0	0	0
4850000	1.569	0	0	0
4852130	1.5365	0	0	0
4860000	1.49522	0	0	0
4870000	1.45741	0	0	0
4880000	1.44052	0	0	0
4886496	1.43141	0	0	0
4890000	1.41859	0	0	0
4900000	1.416406	0	0	0
4906222	1.41508	0	0	0
4910000	1.414797	0	0	0
4911673	1.414298	0	0	0
4914628	1.41399	0	0	0
4916448	1.41339	0	0	0
4920000	1.413216	0	0	0
4920629	1.411194	0	0	0
4927955	1.41063	0	0	0
4930000	1.409766	0	0	0
4933457	1.408733	0	0	0
4937588	1.40813	0	0	0
4940000	1.407736	0	0	0
4943790	1.40709	0	0	0
4950000	1.414313	0	0	0
4957130	1.41722	0	0	0
4960000	1.4303	0	0	0
4970000	1.436264	0	0	0
4974937	1.44238	0	0	0
4980000	1.45098	0	0	0
4990000	1.45883	0	0	0
5000000	1.46326	0	0	0
5010000	1.464116	0	0	0
5012271	1.464185	0	0	0
5012453	1.46703	0	0	0
5020000	1.46748	0	0	0
5021814	1.467973	0	0	0
5023803	1.46951	0	0	0
5030000	1.470915	0	0	0
5034638	1.471294	0	0	0
5035887	1.47254	0	0	0
5040000	1.475272	0	0	0
5044818	1.47821	0	0	0
5050000	1.47798	0	0	0
5060000	1.477946	0	0	0
5062454	1.477925	0	0	0
5063959	1.47784	0	0	0
5070000	1.477807	0	0	0
5071814	1.47766	0	0	0
5080000	1.477639	0	0	0
5080768	1.477501	0	0	0
5085887	1.47739	0	0	0
5090000	1.477224	0	0	0
5095521	1.47709	0	0	0
5100000	1.474161	0	0	0
5108465	1.47363	0	0	0
5110000	1.473043	0	0	0
5112454	1.471283	0	0	0
5119818	1.47124	0	0	0
5120000	1.471311	0	0	0
5121815	1.471585	0	0	0
5128847	1.471621	0	0	0
5129773	1.47163	0	0	0
5130000	1.472938	0	0	0
5139412	1.47302	0	0	0
5140000	1.472376	0	0	0
5147240	1.47213	0	0	0
5150000	1.48131	0	0	0
5160000	1.483603	0	0	0
5160380	1.496123	0	0	0
5162455	1.54165	0	0	0
5170000	1.58758	0	0	0
5180000	1.587111	0	0	0
5180152	1.583896	0	0	0
5181193	1.5567	0	0	0
5190000	1.46525	0	0	0
5200000	1.46354	0	0	0
5210000	1.4456	0	0	0
5220000	1.42968	0	0	0
5230000	1.44394	0	0	0
5240000	1.47228	0	0	0
5250000	1.50911	0	0	0
5260000	1.518444	0	0	0
5262455	1.54713	0	0	0
5270000	1.58293	0	0	0
5280000	1.58676	0	0	0
5281194	1.61501	0	0	0
5290000	1.643428	0	0	0
5299056	1.64639	0	0	0
5300000	1.67742	0	0	0
5310000	1.685156	0	0	0
5312456	1.70892	0	0	0
5320000	1.73386	0	0	0
5330000	1.731666	0	0	0
5331195	1.7155	0	0	0
5340000	1.67068	0	0	0
5350000	1.62729	0	0	0
5360000	1.616749	0	0	0
5362456	1.58437	0	0	0
5370000	1.54013	0	0	0
5380000	1.534517	0	0	0
5381195	1.49316	0	0	0
5390000	1.44204	0	0	0
5400000	1.39076	0	0	0
5410000	1.34402	0	0	0
5420000	1.326267	0	0	0
5424604	1.30546	0	0	0
5430000	1.27322	0	0	0
5440000	1.254112	0	0	0
5446224	1.24252	0	0	0
5450000	1.20595	0	0	0
5460000	1.185333	0	0	0
5465213	1.1664	0	0	0
5470000	1.12671	0	0	0
5480000	1.12565	0	0	0
5480270	1.119368	0	0	0
5481882	1.08773	0	0	0
5490000	1.04859	0	0	0
5500000	1.042061	0	0	0
5501555	1.035728	0	0	0
5503063	1.029594	0	0	0
5504524	1.023652	0	0	0
5505939	1.017891	0	0	0
5507311	1.012311	0	0	0
5508640	1.006902	0	0	0
5509928	1.0066	0	0	0
5510000	1.007285	0	0	0
5511175	1.007286	0	0	0
5511176	1.00799	0	0	0
5512385	1.008673	0	0	0
5513556	1.009335	0	0	0
5514691	1.009976	0	0	0
5515791	1.010598	0	0	0
5516857	1.0112	0	0	0
5517890	1.011783	0	0	0
5518891	1.012348	0	0	0
5519860	1.01243	0	0	0
5520000	1.023678	0	0	0
5521739	1.035074	0	0	0
5523501	1.04576	0	0	0
5525153	1.055785	0	0	0
5526703	1.065183	0	0	0
5528156	1.073999	0	0	0
5529519	1.07711	0	0	0
5530000	1.082549	0	0	0
5530797	1.090724	0	0	0
5531995	1.098394	0	0	0
5533119	1.099281	0	0	0
5533249	1.10558	0	0	0
5534172	1.112322	0	0	0
5535160	1.124967	0	0	0
5537013	1.136035	0	0	0
5538635	1.14535	0	0	0
5540000	1.145757	0	0	0
5540054	1.155106	0	0	0
5541296	1.163289	0	0	0
5542383	1.170456	0	0	0
5543335	1.18299	0	0	0
5545000	1.1924	0	0	0
5546250	1.206507	0	0	0
5548124	1.219591	0	0	0
5549862	1.22063	0	0	0
5550000	1.232924	0	0	0
5551555	1.244846	0	0	0
5553063	1.256397	0	0	0
5554524	1.267584	0	0	0
5555939	1.278431	0	0	0
5557311	1.288938	0	0	0
5558640	1.299121	0	0	0
5559928	1.29969	0	0	0
5560000	1.308682	0	0	0
5561176	1.317926	0	0	0
5562385	1.326887	0	0	0
5563557	1.335565	0	0	0
5564692	1.343976	0	0	0
5565792	1.352126	0	0	0
5566858	1.360017	0	0	0
5567890	1.367671	0	0	0
5568891	1.37615	0	0	0
5570000	1.381933	0	0	0
5570830	1.394606	0	0	0
5572649	1.406484	0	0	0
5574354	1.410107	0	0	0
5574874	1.417632	0	0	0
5575954	1.428082	0	0	0
5577454	1.437878	0	0	0
5578860	1.44582	0	0	0
5580000	1.446932	0	0	0
5580179	1.454616	0	0	0
5581416	1.461816	0	0	0
5582575	1.468575	0	0	0
5583663	1.474905	0	0	0
5584682	1.486788	0	0	0
5586595	1.497187	0	0	0
5588269	1.506288	0	0	0
5589734	1.50794	0	0	0
5590000	1.513092	0	0	0
5591016	1.518782	0	0	0
5592138	1.528746	0	0	0
5594103	1.536216	0	0	0
5595576	1.541824	0	0	0
5596682	1.550237	0	0	0
5598341	1.55865	0	0	0
5600000	1.564136	0	0	0
5601556	1.56945	0	0	0
5603063	1.574602	0	0	0
5604524	1.579594	0	0	0
5605940	1.584429	0	0	0
5607311	1.589115	0	0	0
5608640	1.593656	0	0	0
5609928	1.59391	0	0	0
5610000	1.596591	0	0	0
5611176	1.599143	0	0	0
5612295	1.599348	0	0	0
5612385	1.60202	0	0	0
5613557	1.604608	0	0	0
5614692	1.607116	0	0	0
5615792	1.611977	0	0	0
5617924	1.616537	0	0	0
5619924	1.61671	0	0	0
5620000	1.618919	0	0	0
5621799	1.621078	0	0	0
5623557	1.621434	0	0	0
5623847	1.623103	0	0	0
5625206	1.625001	0	0	0
5626752	1.626783	0	0	0
5628203	1.628452	0	0	0
5629562	1.62899	0	0	0
5630000	1.62904	0	0	0
5630838	1.629112	0	0	0
5632033	1.629179	0	0	0
5633155	1.629272	0	0	0
5634698	1.629305	0	0	0
5635257	1.629416	0	0	0
5637098	1.629513	0	0	0
5638709	1.62959	0	0	0
5640000	1.629447	0	0	0
5640119	1.627965	0	0	0
5641353	1.626667	0	0	0
5642434	1.624397	0	0	0
5644324	1.623717	0	0	0
5644890	1.622694	0	0	0
5645742	1.620137	0	0	0
5647871	1.61758	0	0	0
5650000	1.61437	0	0	0
5651556	1.611261	0	0	0
5653063	1.608377	0	0	0
5654461	1.608247	0	0	0
5654524	1.605326	0	0	0
5655940	1.602497	0	0	0
5657311	1.599754	0	0	0
5658641	1.597096	0	0	0
5659929	1.59695	0	0	0
5660000	1.594482	0	0	0
5661176	1.591942	0	0	0
5662386	1.587024	0	0	0
5664729	1.58241	0	0	0
5666927	1.578082	0	0	0
5668989	1.57596	0	0	0
5670000	1.574013	0	0	0
5670922	1.570781	0	0	0
5672452	1.570184	0	0	0
5672735	1.566593	0	0	0
5674435	1.563225	0	0	0
5676030	1.560067	0	0	0
5677525	1.557106	0	0	0
5678927	1.55484	0	0	0
5680000	1.554302	0	0	0
5680242	1.551562	0	0	0
5681474	1.546418	0	0	0
5683787	1.541916	0	0	0
5685811	1.537975	0	0	0
5687583	1.536512	0	0	0
5688241	1.534528	0	0	0
5689133	1.5326	0	0	0
5690000	1.531252	0	0	0
5690490	1.524713	0	0	0
5692866	1.519806	0	0	0
5694649	1.516127	0	0	0
5695986	1.510603	0	0	0
5697993	1.50508	0	0	0
5700000	1.500692	0	0	0
5701556	1.499181	0	0	0
5702092	1.496442	0	0	0
5703063	1.492322	0	0	0
5704524	1.488329	0	0	0
5705940	1.480591	0	0	0
5708684	1.47688	0	0	0
5710000	1.47398	0	0	0
5711257	1.468411	0	0	0
5713671	1.467098	0	0	0
5714240	1.463188	0	0	0
5715935	1.45829	0	0	0
5718058	1.45381	0	0	0
5720000	1.453748	0	0	0
5720049	1.451398	0	0	0
5721916	1.449192	0	0	0
5723668	1.447653	0	0	0
5724890	1.447125	0	0	0
5725310	1.445186	0	0	0
5726850	1.443368	0	0	0
5728294	1.44122	0	0	0
5730000	1.441302	0	0	0
5731003	1.441497	0	0	0
5733374	1.441667	0	0	0
5735450	1.441816	0	0	0
5737266	1.441946	0	0	0
5738856	1.44204	0	0	0
5740000	1.442251	0	0	0
5740248	1.44432	0	0	0
5742685	1.445076	0	0	0
5743576	1.445871	0	0	0
5744512	1.448199	0	0	0
5747255	1.45053	0	0	0
5750000	1.454703	0	0	0
5753112	1.458618	0	0	0
5756031	1.460762	0	0	0
5757630	1.462291	0	0	0
5758770	1.46394	0	0	0
5760000	1.466241	0	0	0
5761338	1.470385	0	0	0
5763747	1.47427	0	0	0
5766006	1.477915	0	0	0
5768125	1.478032	0	0	0
5768193	1.48114	0	0	0
5770000	1.481356	0	0	0
5770112	1.484946	0	0	0
5771975	1.488314	0	0	0
5773723	1.494631	0	0	0
5777001	1.500161	0	0	0
5779871	1.50041	0	0	0
5780000	1.505085	0	0	0
5782383	1.508405	0	0	0
5784075	1.5094	0	0	0
5784582	1.513177	0	0	0
5786507	1.519789	0	0	0
5789877	1.52003	0	0	0
5790000	1.524397	0	0	0
5792406	1.527842	0	0	0
5794304	1.533009	0	0	0
5797151	1.53818	0	0	0
5800000	1.542705	0	0	0
5803112	1.546951	0	0	0
5806032	1.550932	0	0	0
5808770	1.55272	0	0	0
5810000	1.554789	0	0	0
5811338	1.558513	0	0	0
5813747	1.565499	0	0	0
5818266	1.56818	0	0	0
5820000	1.571598	0	0	0
5822224	1.576922	0	0	0
5825688	1.581586	0	0	0
5828722	1.58355	0	0	0
5830000	1.585471	0	0	0
5831377	1.591958	0	0	0
5836027	1.596826	0	0	0
5839517	1.5975	0	0	0
5840000	1.599247	0	0	0
5842136	1.602463	0	0	0
5846067	1.60568	0	0	0
5850000	1.600555	0	0	0
5856227	1.59745	0	0	0
5860000	1.594502	0	0	0
5861680	1.586118	0	0	0
5866457	1.5799	0	0	0
5870000	1.578562	0	0	0
5870639	1.563219	0	0	0
5877966	1.55896	0	0	0
5880000	1.552118	0	0	0
5883466	1.543967	0	0	0
5887595	1.53922	0	0	0
5890000	1.531788	0	0	0
5893794	1.51963	0	0	0
5900000	1.50148	0	0	0
5910000	1.4828	0	0	0
5920000	1.473119	0	0	0
5924947	1.46323	0	0	0
5930000	1.44238	0	0	0
5940000	1.42115	0	0	0
5950000	1.40112	0	0	0
5960000	1.38263	0	0	0
5970000	1.36618	0	0	0
5980000	1.35163	0	0	0
5990000	1.33877	0	0	0
6000000	1.32705	0	0	0
6010000	1.31667	0	0	0
6020000	1.312394	0	0	0
6024643	1.30746	0	0	0
6030000	1.29926	0	0	0
6040000	1.294821	0	0	0
6046288	1.2922	0	0	0
6050000	1.28782	0	0	0
6060000	1.287624	0	0	0
6065292	1.28745	0	0	0
6070000	1.29183	0	0	0
6080000	1.293779	0	0	0
6081969	1.30173	0	0	0
6090000	1.31664	0	0	0
6100000	1.33244	0	0	0
6110000	1.334572	0	0	0
6111264	1.34931	0	0	0
6120000	1.36714	0	0	0
6130000	1.37335	0	0	0
6133328	1.3858	0	0	0
6140000	1.405013	0	0	0
6149929	1.40515	0	0	0
6150000	1.42444	0	0	0
6160000	1.44413	0	0	0
6170000	1.453931	0	0	0
6174913	1.46408	0	0	0
6180000	1.48805	0	0	0
6190000	1.50978	0	0	0
6200000	1.51593	0	0	0
6210000	1.50681	0	0	0
6220000	1.497753	0	0	0
6224654	1.48735	0	0	0
6230000	1.46651	0	0	0
6240000	1.452603	0	0	0
6246307	1.44446	0	0	0
6250000	1.42591	0	0	0
6260000	1.417475	0	0	0
6265315	1.41004	0	0	0
6270000	1.403402	0	0	0
6274950	1.39663	0	0	0
6280000	1.394088	0	0	0
6281994	1.38388	0	0	0
6290000	1.376202	0	0	0
6296625	1.37229	0	0	0
6300000	1.35705	0	0	0
6310000	1.34357	0	0	0
6320000	1.340667	0	0	0
6322311	1.33101	0	0	0
6330000	1.31948	0	0	0
6340000	1.317788	0	0	0
6341644	1.30919	0	0	0
6350000	1.302982	0	0	0
6356183	1.29915	0	0	0
6360000	1.28985	0	0	0
6370000	1.282464	0	0	0
6378054	1.28068	0	0	0
6380000	1.27164	0	0	0
6390000	1.26276	0	0	0
6400000	1.25384	0	0	0
6410000	1.24503	0	0	0
6420000	1.23629	0	0	0
6430000	1.22763	0	0	0
6440000	1.21904	0	0	0
6450000	1.21065	0	0	0
6460000	1.20275	0	0	0
6470000	1.19526	0	0	0
6480000	1.18803	0	0	0
6490000	1.181504	0	0	0
6499230	1.18096	0	0	0
6500000	1.17472	0	0	0
6510000	1.16971	0	0	0
6520000	1.16659	0	0	0
6530000	1.16598	0	0	0
6540000	1.16841	0	0	0
6550000	1.17243	0	0	0
6560000	1.17712	0	0	0
6570000	1.18206	0	0	0
6580000	1.18685	0	0	0
6590000	1.1914	0	0	0
6600000	1.19656	0	0	0
6610000	1.20007	0	0	0
6620000	1.19858	0	0	0
6630000	1.18834	0	0	0
6640000	1.17545	0	0	0
6650000	1.1659	0	0	0
6660000	1.15748	0	0	0
6670000	1.14945	0	0	0
6680000	1.14188	0	0	0
6690000	1.13629	0	0	0
6700000	1.13619	0	0	0
6710000	1.14409	0	0	0
6720000	1.15786	0	0	0
6730000	1.16004	0	0	0
6740000	1.17089	0	0	0
6750000	1.18415	0	0	0
6760000	1.20093	0	0	0
6770000	1.20937	0	0	0
6780000	1.17389	0	0	0
6790000	1.14728	0	0	0
6800000	1.13071	0	0	0
6810000	1.12004	0	0	0
6820000	1.11648	0	0	0
6830000	1.11715	0	0	0
6840000	1.12243	0	0	0
6850000	1.12907	0	0	0
6860000	1.1362	0	0	0
6870000	1.1433	0	0	0
6880000	1.14978	0	0	0
6890000	1.15535	0	0	0
6900000	1.16111	0	0	0
6910000	1.16649	0	0	0
6920000	1.17092	0	0	0
6930000	1.17384	0	0	0
6940000	1.17467	0	0	0
6950000	1.17301	0	0	0
6960000	1.16964	0	0	0
6970000	1.16554	0	0	0
6980000	1.1617	0	0	0
6990000	1.15908	0	0	0
7000000	1.156853	0	0	0
7024693	1.154897	0	0	0
7046371	1.15457	0	0	0
7050000	1.143115	0	0	0
7065393	1.118248	0	0	0
7098807	1.11736	0	0	0
7100000	1.110135	0	0	0
7123971	1.104429	0	0	0
7142903	1.10229	0	0	0
7150000	1.106218	0	0	0
7171394	1.11147	0	0	0
7200000	1.1037	0	0	0
7224701	1.09936	0	0	0
7238500	1.092175	0	0	0
7246384	1.08888	0	0	0
7250000	1.084161	0	0	0
7265410	1.079051	0	0	0
7282099	1.07357	0	0	0
7300000	1.073268	0	0	0
7303104	1.072976	0	0	0
7306113	1.072692	0	0	0
7309029	1.072462	0	0	0
7311397	1.072418	0	0	0
7311855	1.072152	0	0	0
7314593	1.071894	0	0	0
7317247	1.071644	0	0	0
7319819	1.071401	0	0	0
7322312	1.071167	0	0	0
7324727	1.070939	0	0	0
7327068	1.070719	0	0	0
7329336	1.070505	0	0	0
7331534	1.070319	0	0	0
7333448	1.070298	0	0	0
7333664	1.070097	0	0	0
7335728	1.069708	0	0	0
7339728	1.069344	0	0	0
7343481	1.069002	0	0	0
7347001	1.06871	0	0	0
7350000	1.068706	0	0	0
7350030	1.068669	0	0	0
7350302	1.06825	0	0	0
7353398	1.067856	0	0	0
7356302	1.067487	0	0	0
7359026	1.06726	0	0	0
7360700	1.067245	0	0	0
7361580	1.067203	0	0	0
7363975	1.067163	0	0	0
7366222	1.067126	0	0	0
7368328	1.067057	0	0	0
7372280	1.067009	0	0	0
7374972	1.066996	0	0	0
7375739	1.066943	0	0	0
7378767	1.066896	0	0	0
7381418	1.066856	0	0	0
7383738	1.066784	0	0	0
7387800	1.066731	0	0	0
7390848	1.066691	0	0	0
7393135	1.06663	0	0	0
7396567	1.06657	0	0	0
7400000	1.0669	0	0	0
7400880	1.06721	0	0	0
7401706	1.0675	0	0	0
7402480	1.067735	0	0	0
7403104	1.067772	0	0	0
7403205	1.068028	0	0	0
7403886	1.068267	0	0	0
7404524	1.068492	0	0	0
7405122	1.068702	0	0	0
7405683	1.068863	0	0	0
7406113	1.068899	0	0	0
7406209	1.069084	0	0	0
7406702	1.069258	0	0	0
7407164	1.069583	0	0	0
7408030	1.069867	0	0	0
7408789	1.069958	0	0	0
7409030	1.070116	0	0	0
7409452	1.070334	0	0	0
7410033	1.070525	0	0	0
7410541	1.070859	0	0	0
7411431	1.071018	0	0	0
7411856	1.071109	0	0	0
7412098	1.071296	0	0	0
7412598	1.071578	0	0	0
7413349	1.07186	0	0	0
7414100	1.072035	0	0	0
7414594	1.072097	0	0	0
7414767	1.072332	0	0	0
7415429	1.072565	0	0	0
7416086	1.072797	0	0	0
7416738	1.072978	0	0	0
7417248	1.073027	0	0	0
7417385	1.073255	0	0	0
7418027	1.073481	0	0	0
7418664	1.073705	0	0	0
7419296	1.073892	0	0	0
7419821	1.073928	0	0	0
7419923	1.074149	0	0	0
7420545	1.074368	0	0	0
7421163	1.074586	0	0	0
7421775	1.074777	0	0	0
7422313	1.074802	0	0	0
7422383	1.075016	0	0	0
7422987	1.075229	0	0	0
7423585	1.07544	0	0	0
7424179	1.075635	0	0	0
7424729	1.075649	0	0	0
7424768	1.076064	0	0	0
7425938	1.076466	0	0	0
7427069	1.076473	0	0	0
7427090	1.076876	0	0	0
7428223	1.077272	0	0	0
7429338	1.077273	0	0	0
7429340	1.077663	0	0	0
7430439	1.078047	0	0	0
7431520	1.078052	0	0	0
7431536	1.078425	0	0	0
7432586	1.078798	0	0	0
7433634	1.079164	0	0	0
7434667	1.079525	0	0	0
7435683	1.079565	0	0	0
7435796	1.079881	0	0	0
7436684	1.080231	0	0	0
7437669	1.080575	0	0	0
7438639	1.080914	0	0	0
7439594	1.080985	0	0	0
7439793	1.081248	0	0	0
7440534	1.081577	0	0	0
7441459	1.081901	0	0	0
7442371	1.082219	0	0	0
7443268	1.082316	0	0	0
7443542	1.082533	0	0	0
7444151	1.082841	0	0	0
7445020	1.083145	0	0	0
7445876	1.083445	0	0	0
7446719	1.083565	0	0	0
7447058	1.083739	0	0	0
7447548	1.084029	0	0	0
7448365	1.084315	0	0	0
7449169	1.084596	0	0	0
7449961	1.08461	0	0	0
7450000	1.084621	0	0	0
7450356	1.084633	0	0	0
7450740	1.084657	0	0	0
7451507	1.08468	0	0	0
7452263	1.084703	0	0	0
7453006	1.084717	0	0	0
7453449	1.084726	0	0	0
7453738	1.084748	0	0	0
7454459	1.08477	0	0	0
7455168	1.084792	0	0	0
7455867	1.084807	0	0	0
7456350	1.084813	0	0	0
7456554	1.084834	0	0	0
7457231	1.084855	0	0	0
7457897	1.084875	0	0	0
7458554	1.084891	0	0	0
7459070	1.084895	0	0	0
7459199	1.084915	0	0	0
7459835	1.084934	0	0	0
7460461	1.084953	0	0	0
7461077	1.08497	0	0	0
7461622	1.084972	0	0	0
7461684	1.084991	0	0	0
7462281	1.085027	0	0	0
7463457	1.085044	0	0	0
7464015	1.085062	0	0	0
7464596	1.085097	0	0	0
7465700	1.085114	0	0	0
7466259	1.08513	0	0	0
7466769	1.085162	0	0	0
7467806	1.085193	0	0	0
7468810	1.085223	0	0	0
7469782	1.085245	0	0	0
7470468	1.085252	0	0	0
7470725	1.085281	0	0	0
7471638	1.085308	0	0	0
7472523	1.085335	0	0	0
7473380	1.085359	0	0	0
7474153	1.085361	0	0	0
7474210	1.085385	0	0	0
7475015	1.08541	0	0	0
7475794	1.085433	0	0	0
7476550	1.085456	0	0	0
7477281	1.085459	0	0	0
7477379	1.085478	0	0	0
7477990	1.085499	0	0	0
7478677	1.08552	0	0	0
7479342	1.08554	0	0	0
7479987	1.085546	0	0	0
7480203	1.085559	0	0	0
7480612	1.085578	0	0	0
7481217	1.085614	0	0	0
7482389	1.085623	0	0	0
7482675	1.085648	0	0	0
7483489	1.08568	0	0	0
7484520	1.08571	0	0	0
7485486	1.085738	0	0	0
7486392	1.085757	0	0	0
7487002	1.085765	0	0	0
7487242	1.085789	0	0	0
7488039	1.085812	0	0	0
7488786	1.085834	0	0	0
7489486	1.085854	0	0	0
7490143	1.085858	0	0	0
7490249	1.085874	0	0	0
7490759	1.085909	0	0	0
7491913	1.085933	0	0	0
7492686	1.085941	0	0	0
7492923	1.085968	0	0	0
7493808	1.085992	0	0	0
7494581	1.086013	0	0	0
7495258	1.086047	0	0	0
7496342	1.08605	0	0	0
7496444	1.086077	0	0	0
7497332	1.086098	0	0	0
7497999	1.086129	0	0	0
7498999	1.08616	0	0	0
7500000	1.083732	0	0	0
7503105	1.081379	0	0	0
7506114	1.081303	0	0	0
7506211	1.079099	0	0	0
7509030	1.076889	0	0	0
7511856	1.076746	0	0	0
7512039	1.074747	0	0	0
7514595	1.072671	0	0	0
7517250	1.07247	0	0	0
7517506	1.070659	0	0	0
7519822	1.06871	0	0	0
7522315	1.068459	0	0	0
7522636	1.066821	0	0	0
7524730	1.06499	0	0	0
7527071	1.064931	0	0	0
7527147	1.064696	0	0	0
7527448	1.063216	0	0	0
7529340	1.061497	0	0	0
7531538	1.061387	0	0	0
7531679	1.061166	0	0	0
7531962	1.059832	0	0	0
7533668	1.058218	0	0	0
7535732	1.058062	0	0	0
7535931	1.057854	0	0	0
7536197	1.056654	0	0	0
7537732	1.055138	0	0	0
7539670	1.054943	0	0	0
7539920	1.054748	0	0	0
7540169	1.0522	0	0	0
7543427	1.052017	0	0	0
7543661	1.051835	0	0	0
7543894	1.049445	0	0	0
7546950	1.049273	0	0	0
7547170	1.049102	0	0	0
7547389	1.04706	0	0	0
7550000	1.046969	0	0	0
7550255	1.046896	0	0	0
7550461	1.045867	0	0	0
7553354	1.045798	0	0	0
7553548	1.045657	0	0	0
7553945	1.044834	0	0	0
7556261	1.044769	0	0	0
7556442	1.043864	0	0	0
7558987	1.043804	0	0	0
7559157	1.043615	0	0	0
7559687	1.042955	0	0	0
7561544	1.042898	0	0	0
7561704	1.042102	0	0	0
7563942	1.041828	0	0	0
7564714	1.041302	0	0	0
7566191	1.0412	0	0	0
7566480	1.040553	0	0	0
7568299	1.040262	0	0	0
7569116	1.039849	0	0	0
7570277	1.039713	0	0	0
7570662	1.038892	0	0	0
7572969	1.038531	0	0	0
7573986	1.038411	0	0	0
7574323	1.037692	0	0	0
7576343	1.037376	0	0	0
7577233	1.037271	0	0	0
7577528	1.036365	0	0	0
7580075	1.036274	0	0	0
7580333	1.035592	0	0	0
7582250	1.035481	0	0	0
7582563	1.034706	0	0	0
7584740	1.034527	0	0	0
7585245	1.034029	0	0	0
7586646	1.034015	0	0	0
7586684	1.033216	0	0	0
7588931	1.032842	0	0	0
7589982	1.032832	0	0	0
7590011	1.032233	0	0	0
7591697	1.031952	0	0	0
7592485	1.031057	0	0	0
7595003	1.030757	0	0	0
7595847	1.030616	0	0	0
7596242	1.02928	0	0	0
7600000	1.029625	0	0	0
7603105	1.02996	0	0	0
7606114	1.030284	0	0	0
7609031	1.030653	0	0	0
7612348	1.030913	0	0	0
7614685	1.031503	0	0	0
7619989	1.031942	0	0	0
7623943	1.032046	0	0	0
7624877	1.032056	0	0	0
7624965	1.032575	0	0	0
7629634	1.033062	0	0	0
7634013	1.033153	0	0	0
7634829	1.033519	0	0	0
7638120	1.033947	0	0	0
7641973	1.034127	0	0	0
7643589	1.034289	0	0	0
7645049	1.034349	0	0	0
7645587	1.034726	0	0	0
7648976	1.034822	0	0	0
7649836	1.03484	0	0	0
7650000	1.035732	0	0	0
7652155	1.036761	0	0	0
7654643	1.036966	0	0	0
7655137	1.03928	0	0	0
7660730	1.040488	0	0	0
7663648	1.041307	0	0	0
7665628	1.043081	0	0	0
7669916	1.043837	0	0	0
7671743	1.044635	0	0	0
7673670	1.045994	0	0	0
7676956	1.047486	0	0	0
7680560	1.048376	0	0	0
7682711	1.050163	0	0	0
7687029	1.051504	0	0	0
7690270	1.053516	0.00001	0	0
7695133	1.053622	0.00001	0	0
7695390	1.05553	0.00001	0	0
7700000	1.060374	0.00001	0	0
7706212	1.062071	0.00001	0	0
7708389	1.064919	0.00001	0	0
7712041	1.069183	0.00001	0	0
7717509	1.070954	0.00001	0	0
7719781	1.073183	0.00001	0	0
7722639	1.074929	0.00001	0	0
7724879	1.076935	0.00001	0	0
7727451	1.078738	0.00001	0	0
7729763	1.080455	0.00001	0	0
7731966	1.083757	0.00001	0	0
7736200	1.08672	0.00001	0	0
7740000	1.08689	0.00001	0	0
7740173	1.09056	0.00001	0	0
7743898	1.093874	0.00002	0	0
7747263	1.09641	0.00002	0	0
7749838	1.09657	0.00002	0	0
7750000	1.097645	0.00002	0	0
7750889	1.105046	0.00002	0	0
7757011	1.10866	0.00002	0	0
7760000	1.1093	0.00002	0	0
7760414	1.112292	0.00002	0	0
7762348	1.112328	0.00002	0	0
7762371	1.11959	0.00002	0	0
7767065	1.12458	0.00002	0	0
7770291	1.125946	0.00003	0	0
7771174	1.13708	0.00003	0	0
7778371	1.1396	0.00003	0	0
7780000	1.147106	0.00003	0	0
7783772	1.149811	0.00003	0	0
7785131	1.155174	0.00004	0	0
7787826	1.167281	0.00004	0	0
7793910	1.1794	0.00004	0	0
7800000	1.197384	0.00005	0	0
7806213	1.214253	0.00005	0	0
7812041	1.215153	0.00006	0	0
7812352	1.230083	0.00006	0	0
7817510	1.23729	0.00006	0	0
7820000	1.249896	0.00006	0	0
7823950	1.262101	0.00007	0	0
7827774	1.284649	0.00007	0	0
7834839	1.290799	0.00008	0	0
7836766	1.30112	0.00008	0	0
7840000	1.309471	0.00008	0	0
7844642	1.310225	0.00009	0	0
7845061	1.318824	0.00009	0	0
7849841	1.31911	0.0001	0	0
7850000	1.313495	0.0001	0	0
7851541	1.302144	0.0001	0	0
7854656	1.291481	0.0001	0	0
7857582	1.28267	0.00011	0	0
7860000	1.247687	0.00011	0	0
7868165	1.228351	0.00012	0	0
7872678	1.213638	0.00013	0	0
7876112	1.19698	0.00014	0	0
7880000	1.194541	0.00015	0	0
7882077	1.187018	0.00015	0	0
7888482	1.184022	0.00017	0	0
7891033	1.17349	0.00017	0	0
7900000	1.168368	0.0002	0	0
7902336	1.146235	0.0002	0	0
7912431	1.141745	0.00021	0	0
7914479	1.12964	0.00022	0	0
7920000	1.134905	0.00023	0	0
7923325	1.137746	0.00023	0	0
7925119	1.152506	0.00024	0	0
7934440	1.16131	0.00025	0	0
7940000	1.16306	0.00026	0	0
7942424	1.16853	0.00027	0	0
7950000	1.168371	0.00028	0	0
7950780	1.16792	0.00028	0	0
7953000	1.167913	0.00029	0	0
7953006	1.16372	0.00029	0	0
7956779	1.16014	0.00029	0	0
7960000	1.156322	0.0003	0	0
7963056	1.137199	0.00031	0	0
7978360	1.13515	0.00034	0	0
7980000	1.133321	0.00035	0	0
7981507	1.11087	0.00035	0	0
8000000	1.09163	0.0004	0	0
8020000	1.087113	0.00043	0	0
8024883	1.07313	0.00043	0	0
8040000	1.06468	0.00046	0	0
8050000	1.05705	0.00047	0	0
8060000	1.055759	0.00049	0	0
8062354	1.04608	0.00049	0	0
8080000	1.039432	0.00052	0	0
8099382	1.03922	0.00055	0	0
8100000	1.018833	0.00055	0	0
8149846	1.01877	0.00064	0	0
8150000	0.993766	0.00064	0	0
8200000	0.9715458	0.00074	0	0
8249848	0.971478	0.00086	0	0
8250000	0.955133	0.00086	0	0
8300000	0.952699	0.00098	0	0
8309100	0.9432269	0.00101	0	0
8349850	0.943192	0.00112	0	0
8350000	0.9334	0.00112	0	0
8400000	0.925658	0.00127	0	0
8449852	0.925635	0.00143	0	0
8450000	0.924424	0.00143	0	0
8500000	0.926067	0.00161	0	0
8520000	0.927852	0.00169	0	0
8540000	0.928929	0.00176	0	0
8549854	0.928945	0.0018	0	0
8550000	0.93052	0.0018	0	0
8560000	0.935014	0.00184	0	0
8580000	0.941126	0.00192	0	0
8600000	0.951344	0.00201	0	0
8620000	0.979909	0.00209	0	0
8640000	0.9964486	0.00217	0	0
8649855	0.996692	0.00222	0	0
8650000	1.01166	0.00222	0	0
8660000	1.02603	0.00226	0	0
8680000	1.02242	0.00236	0	0
8700000	1.01913	0.00245	0	0
8708800	1.01472	0.00249	0	0
8720000	1.00694	0.00254	0	0
8740000	1.003322	0.00263	0	0
8749857	1.00327	0.00268	0	0
8750000	0.999849	0.00268	0	0
8760000	0.992848	0.00273	0	0
8780000	0.985588	0.00283	0	0
8800000	0.9849885	0.00293	0	0
8801554	0.9843982	0.00294	0	0
8803084	0.9838172	0.00295	0	0
8804590	0.983245	0.00296	0	0
8806073	0.9826818	0.00297	0	0
8807533	0.9821274	0.00297	0	0
8808970	0.9815815	0.00298	0	0
8810385	0.981044	0.00299	0	0
8811778	0.9805147	0.00299	0	0
8813150	0.9799935	0.003	0	0
8814501	0.9794808	0.00301	0	0
8815830	0.9789758	0.00301	0	0
8817139	0.9784785	0.00302	0	0
8818428	0.9779889	0.00303	0	0
8819697	0.977872	0.00303	0	0
8820000	0.9775253	0.00303	0	0
8820946	0.9770746	0.00304	0	0
8822176	0.9766308	0.00305	0	0
8823387	0.976194	0.00305	0	0
8824579	0.9757642	0.00306	0	0
8825752	0.9753409	0.00306	0	0
8826907	0.9749239	0.00307	0	0
8828045	0.9745135	0.00308	0	0
8829165	0.9741097	0.00308	0	0
8830267	0.9737121	0.00309	0	0
8831352	0.9733203	0.00309	0	0
8832421	0.9729348	0.0031	0	0
8833473	0.9725552	0.0031	0	0
8834509	0.9721818	0.00311	0	0
8835528	0.9718138	0.00311	0	0
8836532	0.9714518	0.00312	0	0
8837520	0.9710952	0.00312	0	0
8838493	0.9707442	0.00313	0	0
8839451	0.970543	0.00313	0	0
8840000	0.9704081	0.00314	0	0
8840394	0.9700905	0.00314	0	0
8841322	0.9697776	0.00314	0	0
8842236	0.9694695	0.00315	0	0
8843136	0.9691666	0.00315	0	0
8844021	0.9685696	0.00316	0	0
8845765	0.9679912	0.00316	0	0
8847455	0.9674308	0.00317	0	0
8849092	0.9671683	0.00318	0	0
8849859	0.96712	0.00318	0	0
8850000	0.9669019	0.00319	0	0
8850679	0.9664082	0.00319	0	0
8852216	0.96593	0.0032	0	0
8853705	0.9654665	0.00321	0	0
8855148	0.9650171	0.00321	0	0
8856547	0.9645822	0.00322	0	0
8857901	0.9641605	0.00323	0	0
8859214	0.963908	0.00324	0	0
8860000	0.9637709	0.00324	0	0
8860486	0.9634233	0.00324	0	0
8861718	0.9630864	0.00325	0	0
8862912	0.9627602	0.00326	0	0
8864068	0.9624439	0.00326	0	0
8865189	0.9621375	0.00327	0	0
8866275	0.9618407	0.00327	0	0
8867327	0.9615532	0.00328	0	0
8868346	0.9612747	0.00328	0	0
8869333	0.9610047	0.00329	0	0
8870290	0.9607431	0.0033	0	0
8871217	0.9604898	0.0033	0	0
8872115	0.9599988	0.00331	0	0
8873855	0.9595383	0.00331	0	0
8875487	0.9591067	0.00332	0	0
8877017	0.9587018	0.00333	0	0
8878452	0.9583223	0.00334	0	0
8879797	0.958265	0.00335	0	0
8880000	0.9580344	0.00335	0	0
8881058	0.9577765	0.00335	0	0
8882241	0.9575347	0.00336	0	0
8883350	0.957308	0.00337	0	0
8884390	0.9570954	0.00337	0	0
8885365	0.9568962	0.00338	0	0
8886279	0.9565225	0.00338	0	0
8887993	0.9561955	0.00339	0	0
8889493	0.9559095	0.0034	0	0
8890805	0.955659	0.00341	0	0
8891954	0.9554397	0.00341	0	0
8892960	0.9552481	0.00342	0	0
8893839	0.9549124	0.00342	0	0
8895379	0.9546606	0.00343	0	0
8896534	0.9542828	0.00344	0	0
8898267	0.953905	0.00345	0	0
8900000	0.9531167	0.00346	0	0
8903108	0.9523527	0.00347	0	0
8906120	0.9516123	0.00349	0	0
8909039	0.9508948	0.00351	0	0
8911868	0.9501996	0.00352	0	0
8914609	0.9495259	0.00354	0	0
8917265	0.948873	0.00355	0	0
8919839	0.9482405	0.00356	0	0
8922333	0.9476274	0.00358	0	0
8924750	0.9470334	0.00359	0	0
8927092	0.9464579	0.0036	0	0
8929361	0.9459001	0.00362	0	0
8931560	0.9453596	0.00363	0	0
8933691	0.9443121	0.00364	0	0
8937821	0.9433295	0.00366	0	0
8941695	0.942408	0.00368	0	0
8945328	0.9415439	0.0037	0	0
8948735	0.941223	0.00372	0	0
8950000	0.9408244	0.00373	0	0
8951930	0.9402054	0.00374	0	0
8954927	0.9396248	0.00375	0	0
8957738	0.9390806	0.00377	0	0
8960373	0.93857	0.00378	0	0
8962845	0.9380914	0.0038	0	0
8965162	0.9376424	0.00381	0	0
8967336	0.9368006	0.00382	0	0
8971412	0.9360634	0.00384	0	0
8974981	0.9354184	0.00386	0	0
8978104	0.9348537	0.00388	0	0
8980838	0.9343595	0.0039	0	0
8983231	0.9334941	0.00391	0	0
8987421	0.9328449	0.00393	0	0
8990564	0.9323579	0.00395	0	0
8992922	0.9316272	0.00396	0	0
8996460	0.930896	0.00398	0	0
9000000	0.9210353	0.004	0	0
9049862	0.921008	0.0043	0	0
9050000	0.909703	0.0043	0	0
9100000	0.895127	0.0046	0	0
9149863	0.895087	0.00495	0	0
9150000	0.880655	0.00495	0	0
9200000	0.8657154	0.0053	0	0
9249865	0.865675	0.0057	0	0
9250000	0.854974	0.0057	0	0
9300000	0.846404	0.0061	0	0
9344600	0.845358	0.00649	0	0
9350000	0.834671	0.00654	0	0
9400000	0.8342345	0.00699	0	0
9401554	0.8338044	0.007	0	0
9403085	0.8333814	0.00702	0	0
9404591	0.8329645	0.00703	0	0
9406075	0.8325544	0.00705	0	0
9407535	0.8321505	0.00706	0	0
9408973	0.8317527	0.00707	0	0
9410389	0.8313614	0.00709	0	0
9411782	0.830976	0.0071	0	0
9413154	0.8305965	0.00711	0	0
9414505	0.8302229	0.00713	0	0
9415835	0.8298553	0.00714	0	0
9417144	0.8294932	0.00715	0	0
9418433	0.8291364	0.00716	0	0
9419703	0.8287856	0.00718	0	0
9420952	0.8284401	0.00719	0	0
9422182	0.8280999	0.0072	0	0
9423393	0.8277651	0.00721	0	0
9424585	0.8274353	0.00722	0	0
9425759	0.8271109	0.00724	0	0
9426914	0.8267912	0.00725	0	0
9428052	0.8264766	0.00726	0	0
9429172	0.8261668	0.00727	0	0
9430275	0.825862	0.00728	0	0
9431360	0.8255617	0.00729	0	0
9432429	0.8252662	0.0073	0	0
9433481	0.8249752	0.00731	0	0
9434517	0.8246889	0.00732	0	0
9435536	0.8244069	0.00733	0	0
9436540	0.8241291	0.00734	0	0
9437529	0.8238558	0.00735	0	0
9438502	0.823587	0.00736	0	0
9439459	0.8233221	0.00737	0	0
9440402	0.8230611	0.00738	0	0
9441331	0.8228044	0.00739	0	0
9442245	0.8225519	0.00739	0	0
9443144	0.822303	0.0074	0	0
9444030	0.822058	0.00741	0	0
9444902	0.8218167	0.00742	0	0
9445761	0.8215794	0.00743	0	0
9446606	0.821112	0.00744	0	0
9448270	0.8207367	0.00745	0	0
9449606	0.8206591	0.00747	0	0
9449882	0.820626	0.00747	0	0
9450000	0.8202977	0.00747	0	0
9451444	0.8199535	0.00748	0	0
9452958	0.8196203	0.0075	0	0
9454424	0.8192972	0.00751	0	0
9455845	0.8189842	0.00753	0	0
9457222	0.818921	0.00754	0	0
9457500	0.818828	0.00754	0	0
9458556	0.8187143	0.00755	0	0
9459848	0.818604	0.00756	0	0
9461100	0.8184971	0.00758	0	0
9462314	0.8183937	0.00759	0	0
9463489	0.8182934	0.0076	0	0
9464628	0.8181963	0.00761	0	0
9465731	0.8181022	0.00762	0	0
9466800	0.8180109	0.00763	0	0
9467836	0.8179226	0.00764	0	0
9468839	0.817837	0.00765	0	0
9469812	0.817754	0.00766	0	0
9470754	0.8176737	0.00767	0	0
9471666	0.8175959	0.00768	0	0
9472550	0.8175204	0.00769	0	0
9473407	0.8173743	0.0077	0	0
9475067	0.8172373	0.00771	0	0
9476623	0.8171087	0.00773	0	0
9478083	0.8169883	0.00774	0	0
9479451	0.8168753	0.00775	0	0
9480734	0.8167694	0.00777	0	0
9481937	0.8166701	0.00778	0	0
9483065	0.816577	0.00779	0	0
9484122	0.8164897	0.0078	0	0
9485114	0.8164078	0.00781	0	0
9486044	0.8163311	0.00782	0	0
9486915	0.8163252	0.00783	0	0
9486982	0.8161871	0.00783	0	0
9488550	0.8160612	0.00784	0	0
9489980	0.815951	0.00786	0	0
9491232	0.8158545	0.00787	0	0
9492328	0.8157701	0.00788	0	0
9493287	0.8156963	0.00789	0	0
9494125	0.8155669	0.0079	0	0
9495594	0.81547	0.00791	0	0
9496695	0.8153245	0.00792	0	0
9498347	0.815179	0.00794	0	0
9500000	0.8156774	0.00795	0	0
9501554	0.8161684	0.00797	0	0
9503085	0.8166517	0.00798	0	0
9504592	0.8171273	0.008	0	0
9506075	0.8175958	0.00801	0	0
9507536	0.8180566	0.00803	0	0
9508973	0.8185108	0.00804	0	0
9510389	0.8189578	0.00806	0	0
9511783	0.8193978	0.00807	0	0
9513155	0.8198311	0.00809	0	0
9514506	0.8202576	0.0081	0	0
9515836	0.8206774	0.00811	0	0
9517145	0.8210908	0.00813	0	0
9518434	0.8214978	0.00814	0	0
9519703	0.8218986	0.00815	0	0
9520953	0.8222931	0.00817	0	0
9522183	0.8226815	0.00818	0	0
9523394	0.8230637	0.00819	0	0
9524586	0.8234402	0.0082	0	0
9525760	0.8241814	0.00821	0	0
9528071	0.8248997	0.00824	0	0
9530311	0.8255957	0.00826	0	0
9532481	0.8262701	0.00828	0	0
9534584	0.8269234	0.0083	0	0
9536621	0.8275564	0.00832	0	0
9538595	0.8281699	0.00834	0	0
9540508	0.8287645	0.00836	0	0
9542362	0.829073	0.00838	0	0
9543324	0.8293405	0.00839	0	0
9544158	0.8298985	0.0084	0	0
9545898	0.8304392	0.00842	0	0
9547584	0.8309632	0.00844	0	0
9549218	0.831214	0.00845	0	0
9550000	0.8318771	0.00846	0	0
9550801	0.8331463	0.00847	0	0
9552334	0.8343765	0.00848	0	0
9553820	0.8355686	0.0085	0	0
9555260	0.8367235	0.00851	0	0
9556655	0.8378428	0.00853	0	0
9558007	0.8389265	0.00854	0	0
9559316	0.8399771	0.00856	0	0
9560585	0.8409946	0.00857	0	0
9561814	0.8419806	0.00858	0	0
9563005	0.8438913	0.00859	0	0
9565313	0.8456829	0.00862	0	0
9567477	0.8473635	0.00864	0	0
9569507	0.8489389	0.00866	0	0
9571410	0.8504158	0.00868	0	0
9573194	0.8518009	0.0087	0	0
9574867	0.8530998	0.00871	0	0
9576436	0.8543176	0.00873	0	0
9577907	0.8554601	0.00874	0	0
9579287	0.8565306	0.00876	0	0
9580580	0.857534	0.00877	0	0
9581792	0.8594166	0.00878	0	0
9584066	0.8610649	0.00881	0	0
9586057	0.862507	0.00883	0	0
9587799	0.8637687	0.00885	0	0
9589323	0.8648731	0.00886	0	0
9590657	0.8668062	0.00887	0	0
9592992	0.8682558	0.0089	0	0
9594743	0.8693437	0.00892	0	0
9596057	0.8709754	0.00893	0	0
9598028	0.872608	0.00895	0	0
9600000	0.8750655	0.00897	0	0
9603109	0.8798303	0.009	0	0
9609137	0.8842995	0.00906	0	0
9614791	0.888417	0.00912	0	0
9620000	0.888492	0.00918	0	0
9620094	0.8924636	0.00918	0	0
9625069	0.8961885	0.00923	0	0
9629735	0.8996826	0.00928	0	0
9634112	0.9029596	0.00932	0	0
9638217	0.904383	0.00936	0	0
9640000	0.9060346	0.00938	0	0
9642066	0.9089212	0.0094	0	0
9645677	0.911628	0.00944	0	0
9649063	0.912377	0.00948	0	0
9650000	0.9142548	0.00948	0	0
9652239	0.919251	0.00951	0	0
9658196	0.920764	0.00957	0	0
9660000	0.9241867	0.00959	0	0
9663412	0.9287671	0.00962	0	0
9667978	0.9327767	0.00967	0	0
9671975	0.9362867	0.00971	0	0
9675474	0.940827	0.00975	0	0
9680000	0.9426494	0.00979	0	0
9681599	0.9478886	0.00981	0	0
9686196	0.9518194	0.00986	0	0
9689645	0.9577185	0.00989	0	0
9694821	0.9630341	0.00995	0	0
9699485	0.963621	0.01	0	0
9700000	1.00991	0.01	0	0
9720000	1.03862	0.0102	0	0
9737500	1.04168	0.0104	0	0
9740000	1.04771	0.0104	0	0
9750000	1.047293	0.0105	0	0
9753088	1.04636	0.0106	0	0
9760000	1.031453	0.0106	0	0
9768700	1.01806	0.0107	0	0
9776516	1.01209	0.0108	0	0
9780000	0.972112	0.0109	0	0
9800000	0.971518	0.0111	0	0
9800777	0.9709278	0.0111	0	0
9801549	0.9703429	0.0111	0	0
9802314	0.9697627	0.0111	0	0
9803073	0.9691863	0.0111	0	0
9803827	0.9686144	0.0111	0	0
9804575	0.9680472	0.0111	0	0
9805317	0.9674845	0.0111	0	0
9806053	0.9669264	0.0112	0	0
9806783	0.9658179	0.0112	0	0
9808233	0.9647269	0.0112	0	0
9809660	0.963652	0.0112	0	0
9811066	0.9625947	0.0112	0	0
9812449	0.9615535	0.0112	0	0
9813811	0.9605283	0.0112	0	0
9815152	0.9595192	0.0113	0	0
9816472	0.9585253	0.0113	0	0
9817772	0.9575475	0.0113	0	0
9819051	0.956822	0.0113	0	0
9820000	0.956718	0.0113	0	0
9820311	0.9563034	0.0113	0	0
9821551	0.9558952	0.0113	0	0
9822772	0.9554933	0.0114	0	0
9823974	0.9552238	0.0114	0	0
9824780	0.955182	0.0114	0	0
9824905	0.9550974	0.0114	0	0
9825158	0.9547079	0.0114	0	0
9826323	0.9543244	0.0114	0	0
9827470	0.9539469	0.0114	0	0
9828599	0.9535755	0.0114	0	0
9829710	0.9532093	0.0114	0	0
9830805	0.9528493	0.0114	0	0
9831882	0.9524945	0.0115	0	0
9832943	0.9521454	0.0115	0	0
9833987	0.9518017	0.0115	0	0
9835015	0.951463	0.0115	0	0
9836028	0.95113	0.0115	0	0
9837024	0.950802	0.0115	0	0
9838005	0.9504794	0.0115	0	0
9838970	0.9501614	0.0115	0	0
9839921	0.950135	0.0116	0	0
9840000	0.9499642	0.0116	0	0
9840857	0.9497806	0.0116	0	0
9841778	0.9495997	0.0116	0	0
9842686	0.9494217	0.0116	0	0
9843579	0.9492465	0.0116	0	0
9844458	0.9490741	0.0116	0	0
9845323	0.9489043	0.0116	0	0
9846175	0.948837	0.0116	0	0
9846513	0.9487371	0.0116	0	0
9847014	0.9485725	0.0116	0	0
9847840	0.9484107	0.0116	0	0
9848652	0.948251	0.0117	0	0
9849453	0.948142	0.0117	0	0
9850000	0.948119	0.0117	0	0
9850241	0.9480452	0.0117	0	0
9851016	0.9479724	0.0117	0	0
9851780	0.9479008	0.0117	0	0
9852531	0.9478303	0.0117	0	0
9853271	0.9476914	0.0117	0	0
9854728	0.9475569	0.0117	0	0
9856140	0.9474266	0.0117	0	0
9857507	0.9473002	0.0118	0	0
9858833	0.947189	0.0118	0	0
9860000	0.9471984	0.0118	0	0
9860116	0.9472994	0.0118	0	0
9861360	0.9473822	0.0118	0	0
9862381	0.9473972	0.0118	0	0
9862566	0.9474919	0.0118	0	0
9863733	0.9475838	0.0118	0	0
9864865	0.9476727	0.0119	0	0
9865961	0.9477589	0.0119	0	0
9867023	0.9478423	0.0119	0	0
9868051	0.9479232	0.0119	0	0
9869048	0.9480016	0.0119	0	0
9870014	0.9480776	0.0119	0	0
9870950	0.9481511	0.0119	0	0
9871856	0.9482224	0.0119	0	0
9872735	0.9482914	0.0119	0	0
9873585	0.9483584	0.012	0	0
9874410	0.9484232	0.012	0	0
9875209	0.9484859	0.012	0	0
9875982	0.9485468	0.012	0	0
9876732	0.9486647	0.012	0	0
9878185	0.9487752	0.012	0	0
9879547	0.948812	0.012	0	0
9880000	0.9490985	0.012	0	0
9880824	0.9495147	0.012	0	0
9882021	0.9499052	0.0121	0	0
9883144	0.9502713	0.0121	0	0
9884197	0.9504333	0.0121	0	0
9884663	0.9506145	0.0121	0	0
9885184	0.9509361	0.0121	0	0
9886109	0.9512379	0.0121	0	0
9886977	0.9515206	0.0121	0	0
9887790	0.9517859	0.0121	0	0
9888553	0.9522831	0.0121	0	0
9889983	0.9527181	0.0122	0	0
9891234	0.9530991	0.0122	0	0
9892330	0.9534322	0.0122	0	0
9893288	0.953724	0.0122	0	0
9894127	0.9539792	0.0122	0	0
9894861	0.9544256	0.0122	0	0
9896145	0.9547608	0.0122	0	0
9897109	0.9552632	0.0122	0	0
9898554	0.955766	0.0123	0	0
9900000	0.9542889	0.0123	0	0
9913372	0.9519045	0.0124	0	0
9934958	0.950243	0.0127	0	0
9950000	0.9492366	0.0129	0	0
9967426	0.948574	0.0131	0	0
9978900	0.948473	0.0133	0	0
1.00E+07	0.948049	0.0136	0	0
1.00E+07	0.948227	0.0139	0	0
1.00E+07	0.9483828	0.0141	0	0
1.00E+07	0.948499	0.0142	0	0
1.01E+07	0.9486696	0.0142	0	0
1.01E+07	0.9496716	0.0143	0	0
1.01E+07	0.9505474	0.0143	0	0
1.01E+07	0.952084	0.0144	0	0
1.01E+07	0.9532353	0.0145	0	0
1.01E+07	0.9541012	0.0146	0	0
1.01E+07	0.9554001	0.0147	0	0
1.01E+07	0.9566186	0.0148	0	0
1.01E+07	0.956699	0.0149	0	0
1.01E+07	0.9613113	0.0149	0	0
1.01E+07	0.9656417	0.015	0	0
1.01E+07	0.9664352	0.0151	0	0
1.01E+07	0.9696978	0.0151	0	0
1.01E+07	0.9773133	0.0152	0	0
1.01E+07	0.9839869	0.0153	0	0
1.01E+07	0.9898301	0.0155	0	0
1.01E+07	0.993775	0.0156	0	0
1.02E+07	0.9942727	0.0157	0	0
1.02E+07	0.9961753	0.0157	0	0
1.02E+07	0.999508	0.0158	0	0
1.02E+07	1.002009	0.0159	0	0
1.02E+07	1.003887	0.0161	0	0
1.02E+07	1.0048	0.0162	0	0
1.02E+07	1.002214	0.0162	0	0
1.02E+07	0.998388	0.0163	0	0
1.02E+07	0.9953878	0.0164	0	0
1.02E+07	0.9924457	0.0165	0	0
1.02E+07	0.9923683	0.0165	0	0
1.02E+07	0.9895423	0.0165	0	0
1.02E+07	0.9867163	0.0166	0	0
1.02E+07	0.9866776	0.0166	0	0
1.02E+07	0.9838613	0.0166	0	0
1.02E+07	0.9810934	0.0166	0	0
1.02E+07	0.9783545	0.0167	0	0
1.02E+07	0.9761189	0.0167	0	0
1.02E+07	0.9756737	0.0168	0	0
1.02E+07	0.973022	0.0168	0	0
1.02E+07	0.9704186	0.0168	0	0
1.02E+07	0.9678539	0.0168	0	0
1.02E+07	0.9668377	0.0169	0	0
1.02E+07	0.965328	0.0169	0	0
1.02E+07	0.9628407	0.0169	0	0
1.02E+07	0.9603825	0.017	0	0
1.02E+07	0.9587082	0.017	0	0
1.02E+07	0.9579727	0.017	0	0
1.02E+07	0.9556016	0.017	0	0
1.02E+07	0.9532595	0.0171	0	0
1.02E+07	0.9529498	0.0171	0	0
1.02E+07	0.9515852	0.0171	0	0
1.02E+07	0.9509561	0.0171	0	0
1.02E+07	0.949998	0.0171	0	0
1.03E+07	0.949103	0.0172	0	0
1.03E+07	0.9475715	0.0172	0	0
1.03E+07	0.9468157	0.0172	0	0
1.03E+07	0.9460665	0.0172	0	0
1.03E+07	0.9445881	0.0172	0	0
1.03E+07	0.9416643	0.0173	0	0
1.03E+07	0.9393373	0.0173	0	0
1.03E+07	0.93884	0.0174	0	0
1.03E+07	0.9360953	0.0174	0	0
1.03E+07	0.9337218	0.0175	0	0
1.03E+07	0.9334368	0.0175	0	0
1.03E+07	0.9308644	0.0175	0	0
1.03E+07	0.9295053	0.0176	0	0
1.03E+07	0.9283716	0.0176	0	0
1.03E+07	0.9259517	0.0176	0	0
1.03E+07	0.9236048	0.0177	0	0
1.03E+07	0.9231805	0.0177	0	0
1.03E+07	0.9213374	0.0178	0	0
1.03E+07	0.9191363	0.0178	0	0
1.03E+07	0.9171672	0.0178	0	0
1.03E+07	0.9170015	0.0179	0	0
1.03E+07	0.916849	0.0179	0	0
1.03E+07	0.9152502	0.0179	0	0
1.03E+07	0.9135795	0.0179	0	0
1.03E+07	0.9119585	0.018	0	0
1.03E+07	0.9103929	0.018	0	0
1.03E+07	0.9099614	0.0181	0	0
1.03E+07	0.9088716	0.0181	0	0
1.03E+07	0.9073945	0.0181	0	0
1.03E+07	0.9059672	0.0182	0	0
1.03E+07	0.9045841	0.0182	0	0
1.03E+07	0.9039313	0.0183	0	0
1.03E+07	0.9032453	0.0183	0	0
1.03E+07	0.9019453	0.0183	0	0
1.03E+07	0.9006894	0.0183	0	0
1.03E+07	0.8986481	0.0184	0	0
1.03E+07	0.8982497	0.0184	0	0
1.03E+07	0.8959594	0.0184	0	0
1.03E+07	0.8940176	0.0185	0	0
1.03E+07	0.8938129	0.0186	0	0
1.03E+07	0.8917992	0.0186	0	0
1.03E+07	0.889968	0.0186	0	0
1.03E+07	0.8899127	0.0187	0	0
1.03E+07	0.889188	0.0187	0	0
1.04E+07	0.8882794	0.0187	0	0
1.04E+07	0.8868372	0.0187	0	0
1.04E+07	0.8867843	0.0188	0	0
1.04E+07	0.8854863	0.0188	0	0
1.04E+07	0.8842171	0.0188	0	0
1.04E+07	0.8830249	0.0189	0	0
1.04E+07	0.8819096	0.0189	0	0
1.04E+07	0.8813856	0.0189	0	0
1.04E+07	0.8798184	0.019	0	0
1.04E+07	0.8779868	0.019	0	0
1.04E+07	0.877333	0.0191	0	0
1.04E+07	0.8763859	0.0191	0	0
1.04E+07	0.8749821	0.0191	0	0
1.04E+07	0.8737562	0.0192	0	0
1.04E+07	0.8716073	0.0192	0	0
1.04E+07	0.8712468	0.0193	0	0
1.04E+07	0.8699921	0.0193	0	0
1.04E+07	0.8687806	0.0193	0	0
1.04E+07	0.8669682	0.0194	0	0
1.04E+07	0.865151	0.0194	0	0
1.04E+07	0.8637686	0.0195	0	0
1.04E+07	0.8624129	0.0195	0	0
1.04E+07	0.8610706	0.0196	0	0
1.04E+07	0.8597551	0.0196	0	0
1.04E+07	0.859599	0.0197	0	0
1.04E+07	0.8584574	0.0197	0	0
1.04E+07	0.8571776	0.0197	0	0
1.04E+07	0.85592	0.0198	0	0
1.04E+07	0.8547383	0.0198	0	0
1.04E+07	0.8546803	0.0199	0	0
1.04E+07	0.852241	0.0199	0	0
1.04E+07	0.8504795	0.0199	0	0
1.04E+07	0.849989	0.02	0	0
1.04E+07	0.8498962	0.02	0	0
1.04E+07	0.8479886	0.02	0	0
1.04E+07	0.8472909	0.0201	0	0
1.04E+07	0.8461404	0.0201	0	0
1.04E+07	0.8445743	0.0202	0	0
1.04E+07	0.8443479	0.0202	0	0
1.04E+07	0.844051	0.0202	0	0
1.05E+07	0.8432323	0.0203	0	0
1.05E+07	0.8422744	0.0203	0	0
1.05E+07	0.8416414	0.0204	0	0
1.05E+07	0.8413481	0.0204	0	0
1.05E+07	0.8404492	0.0205	0	0
1.05E+07	0.8396095	0.0205	0	0
1.05E+07	0.8395778	0.0206	0	0
1.05E+07	0.8387338	0.0206	0	0
1.05E+07	0.8380839	0.0206	0	0
1.05E+07	0.8379151	0.0207	0	0
1.05E+07	0.8371218	0.0207	0	0
1.05E+07	0.8363537	0.0208	0	0
1.05E+07	0.8357925	0.0208	0	0
1.05E+07	0.8356089	0.0209	0	0
1.05E+07	0.8348873	0.0209	0	0
1.05E+07	0.8341889	0.0209	0	0
1.05E+07	0.8336023	0.021	0	0
1.05E+07	0.8335094	0.021	0	0
1.05E+07	0.833501	0.021	0	0
1.05E+07	0.8337193	0.021	0	0
1.05E+07	0.8339334	0.0211	0	0
1.05E+07	0.8341418	0.0211	0	0
1.05E+07	0.8343431	0.0212	0	0
1.05E+07	0.8343864	0.0212	0	0
1.05E+07	0.8347335	0.0212	0	0
1.05E+07	0.8350991	0.0213	0	0
1.05E+07	0.8351617	0.0214	0	0
1.05E+07	0.8354426	0.0214	0	0
1.05E+07	0.8357647	0.0214	0	0
1.05E+07	0.8358408	0.0215	0	0
1.05E+07	0.836067	0.0215	0	0
1.05E+07	0.8363501	0.0216	0	0
1.05E+07	0.8366161	0.0216	0	0
1.05E+07	0.836865	0.0217	0	0
1.05E+07	0.8370314	0.0217	0	0
1.05E+07	0.837057	0.0218	0	0
1.06E+07	0.8371136	0.0218	0	0
1.06E+07	0.837409	0.0218	0	0
1.06E+07	0.8376862	0.0218	0	0
1.06E+07	0.8382061	0.0219	0	0
1.06E+07	0.8382282	0.022	0	0
1.06E+07	0.8386617	0.022	0	0
1.06E+07	0.8390598	0.022	0	0
1.06E+07	0.8391327	0.0221	0	0
1.06E+07	0.839408	0.0221	0	0
1.06E+07	0.839714	0.0222	0	0
1.06E+07	0.8402483	0.0222	0	0
1.06E+07	0.8404919	0.0223	0	0
1.06E+07	0.8406492	0.0223	0	0
1.06E+07	0.8409504	0.0224	0	0
1.06E+07	0.8414012	0.0224	0	0
1.06E+07	0.841853	0.0225	0	0
1.06E+07	0.8424727	0.0225	0	0
1.06E+07	0.8430745	0.0226	0	0
1.06E+07	0.8430995	0.0227	0	0
1.06E+07	0.8436572	0.0227	0	0
1.06E+07	0.8441908	0.0228	0	0
1.06E+07	0.8442218	0.0229	0	0
1.06E+07	0.8447685	0.0229	0	0
1.06E+07	0.8452991	0.0229	0	0
1.06E+07	0.8458137	0.023	0	0
1.06E+07	0.8461041	0.0231	0	0
1.06E+07	0.8463123	0.0231	0	0
1.06E+07	0.8467949	0.0231	0	0
1.06E+07	0.846859	0.0232	0	0
1.07E+07	0.8470976	0.0232	0	0
1.07E+07	0.8472618	0.0233	0	0
1.07E+07	0.8473651	0.0233	0	0
1.07E+07	0.8476244	0.0233	0	0
1.07E+07	0.8478754	0.0234	0	0
1.07E+07	0.8478985	0.0235	0	0
1.07E+07	0.8483633	0.0235	0	0
1.07E+07	0.8488204	0.0236	0	0
1.07E+07	0.8488546	0.0237	0	0
1.07E+07	0.8492492	0.0237	0	0
1.07E+07	0.8496514	0.0238	0	0
1.07E+07	0.849812	0.0239	0	0
1.07E+07	0.8500077	0.0239	0	0
1.07E+07	0.8503276	0.0239	0	0
1.07E+07	0.8506273	0.024	0	0
1.07E+07	0.8509088	0.0241	0	0
1.07E+07	0.8511402	0.0242	0	0
1.07E+07	0.8511722	0.0242	0	0
1.07E+07	0.8514196	0.0242	0	0
1.07E+07	0.8516521	0.0243	0	0
1.07E+07	0.8520872	0.0244	0	0
1.07E+07	0.8521389	0.0245	0	0
1.07E+07	0.8524684	0.0245	0	0
1.07E+07	0.852478	0.0246	0	0
1.08E+07	0.8527421	0.0246	0	0
1.08E+07	0.8528125	0.0246	0	0
1.08E+07	0.8529802	0.0247	0	0
1.08E+07	0.8531887	0.0247	0	0
1.08E+07	0.8535536	0.0248	0	0
1.08E+07	0.8537304	0.0249	0	0
1.08E+07	0.8538272	0.025	0	0
1.08E+07	0.8540332	0.025	0	0
1.08E+07	0.8543416	0.025	0	0
1.08E+07	0.85465	0.0251	0	0
1.08E+07	0.8556141	0.0252	0	0
1.08E+07	0.8565471	0.0253	0	0
1.08E+07	0.8565766	0.0254	0	0
1.08E+07	0.8574521	0.0254	0	0
1.08E+07	0.8583291	0.0254	0	0
1.08E+07	0.8583851	0.0255	0	0
1.08E+07	0.8585235	0.0255	0	0
1.08E+07	0.8591797	0.0255	0	0
1.08E+07	0.8600039	0.0255	0	0
1.08E+07	0.8608016	0.0256	0	0
1.08E+07	0.861576	0.0256	0	0
1.08E+07	0.8617828	0.0257	0	0
1.08E+07	0.862327	0.0257	0	0
1.08E+07	0.862425	0.0257	0	0
1.09E+07	0.8627017	0.0257	0	0
1.09E+07	0.8632735	0.0258	0	0
1.09E+07	0.8633228	0.0259	0	0
1.09E+07	0.8634529	0.0259	0	0
1.09E+07	0.8639049	0.0259	0	0
1.09E+07	0.8644513	0.0259	0	0
1.09E+07	0.8646027	0.026	0	0
1.09E+07	0.8649642	0.026	0	0
1.09E+07	0.865445	0.0261	0	0
1.09E+07	0.8656093	0.0262	0	0
1.09E+07	0.865849	0.0262	0	0
1.09E+07	0.865875	0.0262	0	0
1.09E+07	0.8661083	0.0262	0	0
1.09E+07	0.8662034	0.0263	0	0
1.09E+07	0.8663272	0.0263	0	0
1.09E+07	0.8665325	0.0263	0	0
1.09E+07	0.8667249	0.0264	0	0
1.09E+07	0.8669053	0.0264	0	0
1.09E+07	0.8670555	0.0265	0	0
1.09E+07	0.8672442	0.0265	0	0
1.09E+07	0.8675409	0.0266	0	0
1.09E+07	0.867696	0.0267	0	0
1.09E+07	0.8677318	0.0267	0	0
1.09E+07	0.867736	0.0267	0	0
1.10E+07	0.8673953	0.0267	0	0
1.10E+07	0.866196	0.0267	0	0
1.10E+07	0.8654091	0.0268	0	0
1.10E+07	0.8651441	0.0268	0	0
1.10E+07	0.8633053	0.0268	0	0
1.10E+07	0.8619228	0.0269	0	0
1.10E+07	0.861596	0.027	0	0
1.10E+07	0.8608868	0.027	0	0
1.10E+07	0.8593309	0.027	0	0
1.10E+07	0.857775	0.0271	0	0
1.10E+07	0.8571707	0.0272	0	0
1.10E+07	0.856586	0.0272	0	0
1.10E+07	0.8560188	0.0273	0	0
1.10E+07	0.8554691	0.0273	0	0
1.10E+07	0.854936	0.0274	0	0
1.10E+07	0.8544195	0.0274	0	0
1.10E+07	0.8534176	0.0274	0	0
1.10E+07	0.852902	0.0275	0	0
1.11E+07	0.8521445	0.0275	0	0
1.11E+07	0.8505685	0.0276	0	0
1.11E+07	0.8490901	0.0276	0	0
1.11E+07	0.8477039	0.0277	0	0
1.11E+07	0.8464031	0.0277	0	0
1.11E+07	0.8451824	0.0278	0	0
1.11E+07	0.844195	0.0278	0	0
1.11E+07	0.8440551	0.0279	0	0
1.11E+07	0.8431082	0.0279	0	0
1.11E+07	0.8422182	0.0279	0	0
1.11E+07	0.8413835	0.028	0	0
1.11E+07	0.8398186	0.028	0	0
1.11E+07	0.8384489	0.0281	0	0
1.11E+07	0.8372484	0.0281	0	0
1.11E+07	0.836509	0.0282	0	0
1.12E+07	0.8363542	0.0282	0	0
1.12E+07	0.835898	0.0282	0	0
1.12E+07	0.8354983	0.0283	0	0
1.12E+07	0.834798	0.0283	0	0
1.12E+07	0.8342725	0.0283	0	0
1.12E+07	0.8334845	0.0284	0	0
1.12E+07	0.832695	0.0285	0	0
1.12E+07	0.8323674	0.0285	0	0
1.12E+07	0.8320504	0.0286	0	0
1.12E+07	0.8314348	0.0286	0	0
1.12E+07	0.8308572	0.0287	0	0
1.12E+07	0.8303156	0.0287	0	0
1.12E+07	0.830053	0.0288	0	0
1.13E+07	0.8298181	0.0288	0	0
1.13E+07	0.829363	0.0288	0	0
1.13E+07	0.8289361	0.0289	0	0
1.13E+07	0.8285355	0.0289	0	0
1.13E+07	0.82816	0.029	0	0
1.13E+07	0.8278072	0.029	0	0
1.13E+07	0.827533	0.029	0	0
1.13E+07	0.8274818	0.0291	0	0
1.13E+07	0.8272005	0.0291	0	0
1.13E+07	0.8266722	0.0291	0	0
1.13E+07	0.8262093	0.0292	0	0
1.13E+07	0.825804	0.0292	0	0
1.13E+07	0.8254495	0.0293	0	0
1.13E+07	0.825246	0.0293	0	0
1.14E+07	0.8251553	0.0293	0	0
1.14E+07	0.8246963	0.0293	0	0
1.14E+07	0.8243516	0.0294	0	0
1.14E+07	0.824093	0.0295	0	0
1.14E+07	0.8237047	0.0295	0	0
1.14E+07	0.823316	0.0296	0	0
1.14E+07	0.8229095	0.0296	0	0
1.14E+07	0.8225283	0.0297	0	0
1.14E+07	0.8221703	0.0297	0	0
1.14E+07	0.8218343	0.0298	0	0
1.14E+07	0.821677	0.0298	0	0
1.15E+07	0.8216274	0.0298	0	0
1.15E+07	0.8215342	0.0298	0	0
1.15E+07	0.8214469	0.0299	0	0
1.15E+07	0.8213649	0.0299	0	0
1.15E+07	0.821288	0.0299	0	0
1.15E+07	0.821161	0.03	0	0
1.15E+07	0.8211898	0.03	0	0
1.15E+07	0.8214011	0.03	0	0
1.15E+07	0.8215863	0.0301	0	0
1.15E+07	0.8217484	0.0301	0	0
1.15E+07	0.8218904	0.0302	0	0
1.15E+07	0.822024	0.0302	0	0
1.16E+07	0.8223656	0.0303	0	0
1.16E+07	0.8229193	0.0303	0	0
1.16E+07	0.8233357	0.0303	0	0
1.16E+07	0.8239601	0.0304	0	0
1.16E+07	0.824585	0.0304	0	0
1.16E+07	0.825358	0.0305	0	0
1.16E+07	0.8260837	0.0305	0	0
1.16E+07	0.8267644	0.0306	0	0
1.16E+07	0.8274034	0.0306	0	0
1.16E+07	0.827702	0.0307	0	0
1.17E+07	0.8281352	0.0307	0	0
1.17E+07	0.8297576	0.0307	0	0
1.17E+07	0.8311795	0.0308	0	0
1.17E+07	0.832196	0.0308	0	0
1.17E+07	0.8324561	0.0309	0	0
1.17E+07	0.832831	0.0309	0	0
1.17E+07	0.8328321	0.0309	0	0
1.17E+07	0.8337706	0.0309	0	0
1.17E+07	0.8349484	0.0309	0	0
1.17E+07	0.8370126	0.031	0	0
1.17E+07	0.837684	0.0311	0	0
1.18E+07	0.8386532	0.0311	0	0
1.18E+07	0.8399365	0.0311	0	0
1.18E+07	0.8418651	0.0312	0	0
1.18E+07	0.843795	0.0313	0	0
1.18E+07	0.8439397	0.0314	0	0
1.18E+07	0.8440834	0.0314	0	0
1.18E+07	0.8443681	0.0314	0	0
1.18E+07	0.8446481	0.0314	0	0
1.18E+07	0.8449244	0.0314	0	0
1.18E+07	0.845197	0.0314	0	0
1.18E+07	0.8454639	0.0314	0	0
1.18E+07	0.8457281	0.0314	0	0
1.18E+07	0.8459876	0.0315	0	0
1.18E+07	0.8461117	0.0315	0	0
1.18E+07	0.8462433	0.0315	0	0
1.18E+07	0.8464944	0.0315	0	0
1.18E+07	0.8467427	0.0315	0	0
1.18E+07	0.8469863	0.0315	0	0
1.18E+07	0.8472262	0.0315	0	0
1.18E+07	0.8474633	0.0315	0	0
1.18E+07	0.8476957	0.0315	0	0
1.18E+07	0.8479253	0.0316	0	0
1.18E+07	0.8481418	0.0316	0	0
1.18E+07	0.8481512	0.0316	0	0
1.18E+07	0.8483733	0.0316	0	0
1.18E+07	0.848462	0.0316	0	0
1.19E+07	0.8485896	0.0316	0	0
1.19E+07	0.8488016	0.0316	0	0
1.19E+07	0.8490099	0.0316	0	0
1.19E+07	0.8492155	0.0316	0	0
1.19E+07	0.8494174	0.0316	0	0
1.19E+07	0.8496166	0.0316	0	0
1.19E+07	0.8498121	0.0317	0	0
1.19E+07	0.8498974	0.0317	0	0
1.19E+07	0.8500057	0.0317	0	0
1.19E+07	0.8501957	0.0317	0	0
1.19E+07	0.850382	0.0317	0	0
1.19E+07	0.8505665	0.0317	0	0
1.19E+07	0.8507473	0.0317	0	0
1.19E+07	0.8509263	0.0317	0	0
1.19E+07	0.8511016	0.0317	0	0
1.19E+07	0.8512751	0.0317	0	0
1.19E+07	0.851432	0.0317	0	0
1.19E+07	0.8514449	0.0318	0	0
1.19E+07	0.8516128	0.0318	0	0
1.19E+07	0.851778	0.0318	0	0
1.19E+07	0.8519405	0.0318	0	0
1.19E+07	0.8521002	0.0318	0	0
1.19E+07	0.852258	0.0318	0	0
1.19E+07	0.8524131	0.0318	0	0
1.19E+07	0.8525655	0.0318	0	0
1.19E+07	0.852716	0.0318	0	0
1.19E+07	0.8527757	0.0318	0	0
1.19E+07	0.8528638	0.0318	0	0
1.19E+07	0.8530097	0.0318	0	0
1.19E+07	0.853051	0.0318	0	0
1.19E+07	0.8531441	0.0318	0	0
1.19E+07	0.8533992	0.0319	0	0
1.19E+07	0.8536477	0.0319	0	0
1.19E+07	0.8538878	0.0319	0	0
1.19E+07	0.8541205	0.0319	0	0
1.19E+07	0.8543457	0.0319	0	0
1.19E+07	0.8545643	0.0319	0	0
1.19E+07	0.8547762	0.032	0	0
1.19E+07	0.8549349	0.032	0	0
1.19E+07	0.8549806	0.032	0	0
1.19E+07	0.85518	0.032	0	0
1.19E+07	0.855372	0.032	0	0
1.19E+07	0.855559	0.032	0	0
1.19E+07	0.8557393	0.032	0	0
1.19E+07	0.8559146	0.032	0	0
1.19E+07	0.856085	0.0321	0	0
1.19E+07	0.8562487	0.0321	0	0
1.19E+07	0.8564082	0.0321	0	0
1.19E+07	0.856537	0.0321	0	0
1.19E+07	0.8565628	0.0321	0	0
1.19E+07	0.8567124	0.0321	0	0
1.19E+07	0.856857	0.0321	0	0
1.19E+07	0.8569974	0.0321	0	0
1.19E+07	0.8571337	0.0321	0	0
1.19E+07	0.857206	0.0321	0	0
1.20E+07	0.8572534	0.0322	0	0
1.20E+07	0.8574555	0.0322	0	0
1.20E+07	0.8576299	0.0322	0	0
1.20E+07	0.8576457	0.0322	0	0
1.20E+07	0.8578234	0.0322	0	0
1.20E+07	0.8579899	0.0322	0	0
1.20E+07	0.8581466	0.0322	0	0
1.20E+07	0.8582933	0.0323	0	0
1.20E+07	0.8584309	0.0323	0	0
1.20E+07	0.8585599	0.0323	0	0
1.20E+07	0.858681	0.0323	0	0
1.20E+07	0.8587942	0.0323	0	0
1.20E+07	0.8589002	0.0323	0	0
1.20E+07	0.8590621	0.0323	0	0
1.20E+07	0.8590996	0.0324	0	0
1.20E+07	0.8592741	0.0324	0	0
1.20E+07	0.8594274	0.0324	0	0
1.20E+07	0.859561	0.0324	0	0
1.20E+07	0.8596775	0.0324	0	0
1.20E+07	0.8597802	0.0325	0	0
1.20E+07	0.8599593	0.0325	0	0
1.20E+07	0.8600935	0.0325	0	0
1.20E+07	0.8602956	0.0325	0	0
1.20E+07	0.860497	0.0326	0	0
1.20E+07	0.860683	0.0326	0	0
1.20E+07	0.8608693	0.0327	0	0
1.20E+07	0.8610324	0.0328	0	0
1.20E+07	0.8611957	0.0329	0	0
1.20E+07	0.861322	0.0329	0	0
1.21E+07	0.8613013	0.033	0	0
1.21E+07	0.8609682	0.033	0	0
1.21E+07	0.860768	0.0332	0	0
1.21E+07	0.8606762	0.0332	0	0
1.21E+07	0.8604204	0.0333	0	0
1.21E+07	0.8602334	0.0334	0	0
1.21E+07	0.8599722	0.0335	0	0
1.21E+07	0.8598316	0.0336	0	0
1.21E+07	0.8596353	0.0337	0	0
1.21E+07	0.8593825	0.0338	0	0
1.22E+07	0.8592275	0.034	0	0
1.22E+07	0.8590026	0.0341	0	0
1.22E+07	0.858622	0.0342	0	0
1.22E+07	0.8576384	0.0345	0	0
1.22E+07	0.8567761	0.0347	0	0
1.22E+07	0.856375	0.035	0	0
1.23E+07	0.8563745	0.0351	0	0
1.23E+07	0.8559514	0.0351	0	0
1.23E+07	0.8558229	0.0353	0	0
1.23E+07	0.8551615	0.0353	0	0
1.23E+07	0.8542733	0.0355	0	0
1.23E+07	0.8537765	0.0357	0	0
1.23E+07	0.8527351	0.0359	0	0
1.23E+07	0.8519532	0.0363	0	0
1.24E+07	0.8519419	0.0365	0	0
1.24E+07	0.8507785	0.0365	0	0
1.24E+07	0.849601	0.037	0	0
1.24E+07	0.8492351	0.0374	0	0
1.24E+07	0.8488804	0.0375	0	0
1.24E+07	0.8485363	0.0376	0	0
1.24E+07	0.8482028	0.0377	0	0
1.24E+07	0.8481355	0.0378	0	0
1.24E+07	0.84788	0.0379	0	0
1.24E+07	0.8475672	0.0379	0	0
1.24E+07	0.8472638	0.038	0	0
1.24E+07	0.8469699	0.0381	0	0
1.24E+07	0.8468513	0.0382	0	0
1.24E+07	0.8466848	0.0382	0	0
1.24E+07	0.8466677	0.0383	0	0
1.24E+07	0.8464086	0.0383	0	0
1.25E+07	0.8458733	0.0383	0	0
1.25E+07	0.845371	0.0385	0	0
1.25E+07	0.8449001	0.0387	0	0
1.25E+07	0.8445979	0.0388	0	0
1.25E+07	0.8444598	0.0389	0	0
1.25E+07	0.844458	0.0389	0	0
1.25E+07	0.8440437	0.0389	0	0
1.25E+07	0.843699	0.0391	0	0
1.25E+07	0.8436523	0.0392	0	0
1.25E+07	0.843475	0.0392	0	0
1.25E+07	0.8432528	0.0393	0	0
1.25E+07	0.8428657	0.0393	0	0
1.25E+07	0.8428157	0.0395	0	0
1.25E+07	0.8425034	0.0395	0	0
1.25E+07	0.842163	0.0396	0	0
1.25E+07	0.8418434	0.0397	0	0
1.25E+07	0.8413763	0.0398	0	0
1.25E+07	0.8412448	0.0399	0	0
1.25E+07	0.840817	0.04	0	0
1.25E+07	0.840721	0.0401	0	0
1.25E+07	0.8402618	0.0401	0	0
1.26E+07	0.8398601	0.0403	0	0
1.26E+07	0.8395084	0.0404	0	0
1.26E+07	0.8392121	0.0406	0	0
1.26E+07	0.8392001	0.0407	0	0
1.26E+07	0.8386616	0.0407	0	0
1.26E+07	0.8382565	0.0409	0	0
1.26E+07	0.8376493	0.041	0	0
1.26E+07	0.837042	0.0412	0	0
1.26E+07	0.8369372	0.0414	0	0
1.26E+07	0.8368331	0.0415	0	0
1.26E+07	0.8367296	0.0415	0	0
1.26E+07	0.8366275	0.0415	0	0
1.26E+07	0.8366228	0.0415	0	0
1.26E+07	0.8365261	0.0415	0	0
1.26E+07	0.8364247	0.0416	0	0
1.26E+07	0.8363246	0.0416	0	0
1.26E+07	0.8362259	0.0416	0	0
1.26E+07	0.8362164	0.0416	0	0
1.26E+07	0.8361272	0.0416	0	0
1.26E+07	0.8360291	0.0417	0	0
1.26E+07	0.8359324	0.0417	0	0
1.26E+07	0.8358357	0.0417	0	0
1.26E+07	0.8358222	0.0417	0	0
1.26E+07	0.8357404	0.0418	0	0
1.26E+07	0.8355511	0.0418	0	0
1.26E+07	0.8354402	0.0418	0	0
1.26E+07	0.8353638	0.0419	0	0
1.26E+07	0.8351806	0.0419	0	0
1.26E+07	0.8350703	0.0419	0	0
1.26E+07	0.8349994	0.0419	0	0
1.26E+07	0.8348208	0.042	0	0
1.26E+07	0.834712	0.042	0	0
1.26E+07	0.8346457	0.042	0	0
1.26E+07	0.8344726	0.0421	0	0
1.26E+07	0.8343638	0.0421	0	0
1.26E+07	0.8343029	0.0421	0	0
1.26E+07	0.8341352	0.0421	0	0
1.26E+07	0.834027	0.0422	0	0
1.26E+07	0.8339703	0.0422	0	0
1.26E+07	0.833808	0.0422	0	0
1.26E+07	0.8336809	0.0423	0	0
1.26E+07	0.8336484	0.0423	0	0
1.27E+07	0.8334909	0.0423	0	0
1.27E+07	0.8333746	0.0424	0	0
1.27E+07	0.833336	0.0424	0	0
1.27E+07	0.8331832	0.0424	0	0
1.27E+07	0.8330331	0.0424	0	0
1.27E+07	0.8328857	0.0425	0	0
1.27E+07	0.8327613	0.0425	0	0
1.27E+07	0.8327397	0.0426	0	0
1.27E+07	0.8325963	0.0426	0	0
1.27E+07	0.8324557	0.0426	0	0
1.27E+07	0.8323164	0.0427	0	0
1.27E+07	0.8321866	0.0427	0	0
1.27E+07	0.8321798	0.0427	0	0
1.27E+07	0.8320453	0.0427	0	0
1.27E+07	0.8319127	0.0428	0	0
1.27E+07	0.8317822	0.0428	0	0
1.27E+07	0.8316538	0.0428	0	0
1.27E+07	0.8316477	0.0429	0	0
1.27E+07	0.8315273	0.0429	0	0
1.27E+07	0.8314022	0.0429	0	0
1.27E+07	0.8312798	0.043	0	0
1.27E+07	0.8311588	0.043	0	0
1.27E+07	0.8311521	0.043	0	0
1.27E+07	0.8311419	0.043	0	0
1.27E+07	0.8310405	0.043	0	0
1.27E+07	0.8309235	0.0431	0	0
1.27E+07	0.8308079	0.0431	0	0
1.27E+07	0.8306943	0.0431	0	0
1.27E+07	0.8306673	0.0432	0	0
1.27E+07	0.8305827	0.0432	0	0
1.27E+07	0.8304732	0.0432	0	0
1.27E+07	0.830365	0.0432	0	0
1.27E+07	0.8302582	0.0433	0	0
1.27E+07	0.8302224	0.0433	0	0
1.27E+07	0.8301534	0.0433	0	0
1.27E+07	0.8300499	0.0433	0	0
1.27E+07	0.8299485	0.0434	0	0
1.27E+07	0.8298484	0.0434	0	0
1.27E+07	0.8298052	0.0434	0	0
1.27E+07	0.8297497	0.0434	0	0
1.27E+07	0.829653	0.0434	0	0
1.27E+07	0.8294617	0.0435	0	0
1.27E+07	0.8294137	0.0435	0	0
1.27E+07	0.8292764	0.0435	0	0
1.27E+07	0.8290972	0.0436	0	0
1.27E+07	0.8290459	0.0436	0	0
1.27E+07	0.8289235	0.0436	0	0
1.27E+07	0.8287551	0.0437	0	0
1.27E+07	0.8287017	0.0437	0	0
1.27E+07	0.8286151	0.0437	0	0
1.27E+07	0.8285922	0.0438	0	0
1.27E+07	0.8284339	0.0438	0	0
1.27E+07	0.8282804	0.0438	0	0
1.27E+07	0.8281324	0.0439	0	0
1.27E+07	0.8280553	0.0439	0	0
1.27E+07	0.8279884	0.044	0	0
1.27E+07	0.8278491	0.044	0	0
1.27E+07	0.8277145	0.044	0	0
1.27E+07	0.8275833	0.0441	0	0
1.27E+07	0.82749	0.0441	0	0
1.27E+07	0.8274569	0.0441	0	0
1.27E+07	0.827344	0.0441	0	0
1.27E+07	0.8273338	0.0442	0	0
1.27E+07	0.8272148	0.0442	0	0
1.27E+07	0.8270999	0.0442	0	0
1.27E+07	0.8269944	0.0443	0	0
1.27E+07	0.8269883	0.0443	0	0
1.27E+07	0.8268801	0.0443	0	0
1.28E+07	0.8267747	0.0443	0	0
1.28E+07	0.8266732	0.0444	0	0
1.28E+07	0.8265752	0.0444	0	0
1.28E+07	0.826561	0.0444	0	0
1.28E+07	0.8263845	0.0444	0	0
1.28E+07	0.8262053	0.0445	0	0
1.28E+07	0.826181	0.0446	0	0
1.28E+07	0.8260377	0.0446	0	0
1.28E+07	0.8258808	0.0446	0	0
1.28E+07	0.8257334	0.0447	0	0
1.28E+07	0.8255948	0.0447	0	0
1.28E+07	0.8255163	0.0448	0	0
1.28E+07	0.8254656	0.0448	0	0
1.28E+07	0.8253439	0.0448	0	0
1.28E+07	0.8252297	0.0448	0	0
1.28E+07	0.8251228	0.0449	0	0
1.28E+07	0.8250228	0.0449	0	0
1.28E+07	0.8250173	0.0449	0	0
1.28E+07	0.8248348	0.0449	0	0
1.28E+07	0.8246705	0.045	0	0
1.28E+07	0.8246428	0.0451	0	0
1.28E+07	0.8245265	0.0451	0	0
1.28E+07	0.8244007	0.0451	0	0
1.28E+07	0.8242905	0.0451	0	0
1.28E+07	0.8240978	0.0452	0	0
1.28E+07	0.8240809	0.0452	0	0
1.28E+07	0.8239531	0.0453	0	0
1.28E+07	0.8238449	0.0453	0	0
1.28E+07	0.823682	0.0453	0	0
1.28E+07	0.823519	0.0454	0	0
1.28E+07	0.8230524	0.0454	0	0
1.28E+07	0.8225994	0.0455	0	0
1.28E+07	0.8221614	0.0456	0	0
1.28E+07	0.8217362	0.0456	0	0
1.28E+07	0.8213246	0.0457	0	0
1.28E+07	0.820925	0.0458	0	0
1.28E+07	0.8205381	0.0458	0	0
1.28E+07	0.8205261	0.0459	0	0
1.28E+07	0.8201634	0.0459	0	0
1.28E+07	0.8197999	0.046	0	0
1.28E+07	0.8197766	0.046	0	0
1.28E+07	0.8194477	0.046	0	0
1.29E+07	0.8191068	0.0461	0	0
1.29E+07	0.8190737	0.0461	0	0
1.29E+07	0.8187757	0.0461	0	0
1.29E+07	0.8184551	0.0462	0	0
1.29E+07	0.8184145	0.0462	0	0
1.29E+07	0.818145	0.0462	0	0
1.29E+07	0.817844	0.0463	0	0
1.29E+07	0.8177951	0.0463	0	0
1.29E+07	0.817552	0.0463	0	0
1.29E+07	0.8172698	0.0464	0	0
1.29E+07	0.8172149	0.0464	0	0
1.29E+07	0.8169959	0.0464	0	0
1.29E+07	0.8167302	0.0464	0	0
1.29E+07	0.8166708	0.0465	0	0
1.29E+07	0.8164736	0.0465	0	0
1.29E+07	0.8162238	0.0465	0	0
1.29E+07	0.8161598	0.0466	0	0
1.29E+07	0.8160228	0.0466	0	0
1.29E+07	0.8157414	0.0466	0	0
1.29E+07	0.8156812	0.0466	0	0
1.29E+07	0.8152884	0.0467	0	0
1.29E+07	0.8152319	0.0467	0	0
1.29E+07	0.8148632	0.0467	0	0
1.29E+07	0.8148105	0.0468	0	0
1.29E+07	0.8144651	0.0468	0	0
1.29E+07	0.8140911	0.0468	0	0
1.29E+07	0.8140196	0.0469	0	0
1.29E+07	0.8137404	0.0469	0	0
1.29E+07	0.8134123	0.047	0	0
1.29E+07	0.813328	0.047	0	0
1.29E+07	0.8131037	0.047	0	0
1.29E+07	0.8128147	0.0471	0	0
1.29E+07	0.8127214	0.0471	0	0
1.29E+07	0.8125438	0.0471	0	0
1.29E+07	0.8122894	0.0472	0	0
1.29E+07	0.8121909	0.0472	0	0
1.30E+07	0.8118123	0.0472	0	0
1.30E+07	0.8117265	0.0473	0	0
1.30E+07	0.8113947	0.0473	0	0
1.30E+07	0.8113194	0.0473	0	0
1.30E+07	0.8110297	0.0473	0	0
1.30E+07	0.8107098	0.0474	0	0
1.30E+07	0.8106075	0.0474	0	0
1.30E+07	0.8104299	0.0475	0	0
1.30E+07	0.8100732	0.0475	0	0
1.30E+07	0.80994	0.0475	0	0
1.30E+07	0.809572	0.0476	0	0
1.30E+07	0.8092958	0.0476	0	0
1.30E+07	0.809271	0.0477	0	0
1.30E+07	0.8088819	0.0477	0	0
1.30E+07	0.808468	0.0477	0	0
1.30E+07	0.8081488	0.0478	0	0
1.30E+07	0.8075293	0.0478	0	0
1.30E+07	0.806948	0.0479	0	0
1.30E+07	0.8064027	0.048	0	0
1.30E+07	0.8059084	0.048	0	0
1.30E+07	0.8058909	0.0481	0	0
1.31E+07	0.805411	0.0481	0	0
1.31E+07	0.804961	0.0481	0	0
1.31E+07	0.8045383	0.0482	0	0
1.31E+07	0.8041423	0.0482	0	0
1.31E+07	0.8039822	0.0483	0	0
1.31E+07	0.8037706	0.0483	0	0
1.31E+07	0.803422	0.0483	0	0
1.31E+07	0.8030945	0.0483	0	0
1.31E+07	0.8024813	0.0484	0	0
1.31E+07	0.8019437	0.0484	0	0
1.31E+07	0.8014731	0.0485	0	0
1.31E+07	0.8010823	0.0485	0	0
1.31E+07	0.8010612	0.0486	0	0
1.31E+07	0.8007002	0.0486	0	0
1.32E+07	0.8003846	0.0486	0	0
1.32E+07	0.7998316	0.0487	0	0
1.32E+07	0.7994166	0.0487	0	0
1.32E+07	0.7987935	0.0488	0	0
1.32E+07	0.79817	0.0488	0	0
1.32E+07	0.7977431	0.0489	0	0
1.32E+07	0.7973424	0.049	0	0
1.32E+07	0.7969664	0.049	0	0
1.32E+07	0.7966138	0.0491	0	0
1.32E+07	0.7964597	0.0492	0	0
1.32E+07	0.7962829	0.0492	0	0
1.33E+07	0.7959723	0.0492	0	0
1.33E+07	0.7956813	0.0493	0	0
1.33E+07	0.7954082	0.0493	0	0
1.33E+07	0.7951516	0.0494	0	0
1.33E+07	0.795143	0.0494	0	0
1.33E+07	0.7946015	0.0494	0	0
1.33E+07	0.7941188	0.0495	0	0
1.33E+07	0.7936976	0.0496	0	0
1.33E+07	0.793696	0.0496	0	0
1.33E+07	0.7933257	0.0496	0	0
1.33E+07	0.7930011	0.0497	0	0
1.33E+07	0.7927176	0.0497	0	0
1.33E+07	0.7922203	0.0498	0	0
1.34E+07	0.7918472	0.0499	0	0
1.34E+07	0.7912868	0.0499	0	0
1.34E+07	0.790726	0.05	0	0
1.34E+07	0.7905013	0.0501	0	0
1.34E+07	0.7902903	0.0502	0	0
1.34E+07	0.7900923	0.0502	0	0
1.34E+07	0.7899065	0.0503	0	0
1.34E+07	0.7897323	0.0503	0	0
1.35E+07	0.789569	0.0504	0	0
1.35E+07	0.7892622	0.0504	0	0
1.35E+07	0.7889934	0.0505	0	0
1.35E+07	0.7889217	0.0506	0	0
1.35E+07	0.788915	0.0506	0	0
1.35E+07	0.7887307	0.0506	0	0
1.35E+07	0.7884887	0.0507	0	0
1.35E+07	0.7882768	0.0508	0	0
1.35E+07	0.7879056	0.0508	0	0
1.35E+07	0.7876269	0.0509	0	0
1.36E+07	0.7874177	0.051	0	0
1.36E+07	0.7871034	0.051	0	0
1.36E+07	0.786789	0.0511	0	0
1.36E+07	0.7867881	0.0512	0	0
1.36E+07	0.7867865	0.0513	0	0
1.36E+07	0.7867851	0.0514	0	0
1.37E+07	0.7867838	0.0514	0	0
1.37E+07	0.7867827	0.0515	0	0
1.37E+07	0.786782	0.0516	0	0
1.37E+07	0.7867818	0.0516	0	0
1.37E+07	0.7867801	0.0517	0	0
1.37E+07	0.7867788	0.0518	0	0
1.37E+07	0.7867779	0.0518	0	0
1.38E+07	0.7867764	0.0519	0	0
1.38E+07	0.786775	0.052	0	0
1.38E+07	0.7872969	0.0521	0	0
1.38E+07	0.7877545	0.0521	0	0
1.38E+07	0.7885569	0.0522	0	0
1.39E+07	0.7891598	0.0523	0	0
1.39E+07	0.7896132	0.0523	0	0
1.39E+07	0.7902944	0.0524	0	0
1.40E+07	0.790977	0.0524	0	0
1.40E+07	0.7925251	0.0525	0	0
1.40E+07	0.79369	0.0525	0	0
1.41E+07	0.7954429	0.0526	0	0
1.41E+07	0.797203	0.0526	0	0
1.42E+07	0.7986462	0.0527	0	0
1.42E+07	0.8008203	0.0527	0	0
1.43E+07	0.803006	0.0528	0	0
1.44E+07	0.803086	0.0529	0	0
1.44E+07	0.804293	0.0529	0	0
1.44E+07	0.805591	0.0529	0	0
1.45E+07	0.8061927	0.0529	0	0
1.45E+07	0.808029	0.053	0	0
1.46E+07	0.8100187	0.053	0	0
1.47E+07	0.812022	0.053	0	0
1.48E+07	0.812836	0.0531	0	0
1.49E+07	0.8134489	0.053	0	0
1.49E+07	0.814826	0.053	0	0
1.50E+07	0.8154365	0.0529	0	0
1.51E+07	0.816051	0.0527	0	0
1.52E+07	0.8158507	0.0526	0	0
1.53E+07	0.815649	0.0524	0	0
1.54E+07	0.81433	0.0522	0	0
1.56E+07	0.812824	0.0518	0	0
1.58E+07	0.812249	0.0512	0	0
1.59E+07	0.811893	0.0508	0	0
1.60E+07	0.811769	0.0506	0	0
1.62E+07	0.812105	0.0499	0	0
1.64E+07	0.812184	0.0492	0	0
1.64E+07	0.812781	0.0491	0	0
1.66E+07	0.813681	0.0484	0	0
1.68E+07	0.814704	0.0477	0	0
1.70E+07	0.815838	0.0469	0	0
1.72E+07	0.817091	0.0461	0	0
1.74E+07	0.818373	0.0453	0	0
1.76E+07	0.819606	0.0445	0	0
1.78E+07	0.820721	0.0438	0	0
1.80E+07	0.82172	0.043	0	0
1.82E+07	0.822668	0.0423	0	0
1.84E+07	0.82358	0.0416	0	0
1.86E+07	0.82447	0.041	0	0
1.88E+07	0.825357	0.0404	0	0
1.90E+07	0.826252	0.0398	0	0
1.92E+07	0.827176	0.0393	0	0
1.94E+07	0.828147	0.0388	0	0
1.96E+07	0.829182	0.0383	0	0
1.98E+07	0.830297	0.0378	0	0
2.00E+07		0.0374	0	0 0
