12.0				
0.0 0.0				
0.0 0.0				
0.0 0.0				
1.00E-05	78.10355	0.1942254	0.00E+00	0.00E+00
1.06E-05	75.77897	0.1884263	0.00E+00	0.00E+00
1.13E-05	73.65112	0.1831175	0.00E+00	0.00E+00
1.19E-05	71.69374	0.1782335	0.00E+00	0.00E+00
1.25E-05	69.88523	0.1737205	0.00E+00	0.00E+00
1.38E-05	66.64597	0.165636	0.00E+00	0.00E+00
1.50E-05	63.82111	0.1585844	0.00E+00	0.00E+00
1.63E-05	61.32931	0.152363	0.00E+00	0.00E+00
1.75E-05	59.10993	0.1468206	0.00E+00	0.00E+00
1.88E-05	57.11676	0.1418422	0.00E+00	0.00E+00
2.00E-05	55.31385	0.1373381	0.00E+00	0.00E+00
2.19E-05	52.90562	0.1313203	0.00E+00	0.00E+00
2.38E-05	50.78915	0.1260301	0.00E+00	0.00E+00
2.56E-05	48.91	0.1213317	0.00E+00	0.00E+00
2.75E-05	47.22696	0.1171223	0.00E+00	0.00E+00
2.94E-05	45.7082	0.1133228	0.00E+00	0.00E+00
3.13E-05	44.32868	0.1098705	0.00E+00	0.00E+00
3.31E-05	43.06837	0.1067156	0.00E+00	0.00E+00
3.50E-05	41.91109	0.1038178	0.00E+00	0.00E+00
3.88E-05	39.85474	0.0986666	0.00E+00	0.00E+00
4.25E-05	38.078	0.09421316	0.00E+00	0.00E+00
4.63E-05	36.52289	0.09031298	0.00E+00	0.00E+00
5.00E-05	35.14702	0.08686025	0.00E+00	0.00E+00
5.31E-05	34.11411	0.08426682	0.00E+00	0.00E+00
5.63E-05	33.16898	0.08189263	0.00E+00	0.00E+00
5.94E-05	32.2999	0.07970843	0.00E+00	0.00E+00
6.25E-05	31.49724	0.07769017	0.00E+00	0.00E+00
6.88E-05	30.0604	0.07407467	0.00E+00	0.00E+00
7.50E-05	28.80835	0.07092109	0.00E+00	0.00E+00
8.13E-05	27.70477	0.06813878	0.00E+00	0.00E+00
8.75E-05	26.72261	0.06566017	0.00E+00	0.00E+00
9.38E-05	25.84124	0.06343376	0.00E+00	0.00E+00
1.00E-04	25.04462	0.06141947	0.00E+00	0.00E+00
1.06E-04	24.32006	0.05958564	0.00E+00	0.00E+00
1.13E-04	23.6574	0.05790683	0.00E+00	0.00E+00
1.19E-04	23.04835	0.05636237	0.00E+00	0.00E+00
1.25E-04	22.48612	0.05493524	0.00E+00	0.00E+00
1.38E-04	21.48037	0.0523787	0.00E+00	0.00E+00
1.50E-04	20.60482	0.05014878	0.00E+00	0.00E+00
1.63E-04	19.83382	0.04818139	0.00E+00	0.00E+00
1.75E-04	19.14831	0.04642875	0.00E+00	0.00E+00
1.88E-04	18.53372	0.04485443	0.00E+00	0.00E+00
2.00E-04	17.97875	0.04343012	0.00E+00	0.00E+00
2.19E-04	17.23903	0.04152713	0.00E+00	0.00E+00
2.38E-04	16.5906	0.03985421	0.00E+00	0.00E+00
2.56E-04	16.01635	0.03836843	0.00E+00	0.00E+00
2.75E-04	15.50334	0.03703733	0.00E+00	0.00E+00
2.94E-04	15.04159	0.03583579	0.00E+00	0.00E+00
3.13E-04	14.62323	0.03474409	0.00E+00	0.00E+00
3.31E-04	14.24199	0.03374645	0.00E+00	0.00E+00
3.50E-04	13.8928	0.03283008	0.00E+00	0.00E+00
3.88E-04	13.27464	0.03120111	0.00E+00	0.00E+00
4.25E-04	12.74321	0.02979281	0.00E+00	0.00E+00
4.63E-04	12.28038	0.02855946	0.00E+00	0.00E+00
5.00E-04	11.87292	0.02746761	0.00E+00	0.00E+00
5.31E-04	11.56842	0.02664749	0.00E+00	0.00E+00
5.63E-04	11.29093	0.02589671	0.00E+00	0.00E+00
5.94E-04	11.03682	0.025206	0.00E+00	0.00E+00
6.25E-04	10.80307	0.02456777	0.00E+00	0.00E+00
6.88E-04	10.38713	0.02342445	0.00E+00	0.00E+00
7.50E-04	10.02758	0.0224272	0.00E+00	0.00E+00
8.13E-04	9.713178	0.02154736	0.00E+00	0.00E+00
8.75E-04	9.435558	0.02076355	0.00E+00	0.00E+00
9.38E-04	9.188364	0.02005949	0.00E+00	0.00E+00
1.00E-03	8.966659	0.01942252	0.00E+00	0.00E+00
1.06E-03	8.766552	0.01884261	0.00E+00	0.00E+00
1.13E-03	8.584922	0.01831172	0.00E+00	0.00E+00
1.19E-03	8.419241	0.01782332	0.00E+00	0.00E+00
1.25E-03	8.26743	0.01737202	0.00E+00	0.00E+00
1.38E-03	7.998814	0.01656357	0.00E+00	0.00E+00
1.50E-03	7.768342	0.01585841	0.00E+00	0.00E+00
1.63E-03	7.568269	0.01523626	0.00E+00	0.00E+00
1.75E-03	7.392851	0.01468202	0.00E+00	0.00E+00
1.88E-03	7.237732	0.01418418	0.00E+00	0.00E+00
2.00E-03	7.09954	0.01373377	0.00E+00	0.00E+00
2.19E-03	6.918337	0.01313199	0.00E+00	0.00E+00
2.38E-03	6.762542	0.01260296	0.00E+00	0.00E+00
2.56E-03	6.627143	0.01213311	0.00E+00	0.00E+00
2.75E-03	6.50838	0.01171217	0.00E+00	0.00E+00
2.94E-03	6.40337	0.01133221	0.00E+00	0.00E+00
3.13E-03	6.309862	0.01098698	0.00E+00	0.00E+00
3.31E-03	6.226077	0.01067149	0.00E+00	0.00E+00
3.50E-03	6.150582	0.01038171	0.00E+00	0.00E+00
3.88E-03	6.020024	0.00986658	0.00E+00	0.00E+00
4.25E-03	5.911125	0.009421228	0.00E+00	0.00E+00
4.63E-03	5.81896	0.009031204	0.00E+00	0.00E+00
5.00E-03	5.739989	0.008685925	0.00E+00	0.00E+00
5.31E-03	5.682353	0.008426577	0.00E+00	0.00E+00
5.63E-03	5.630892	0.008189153	0.00E+00	0.00E+00
5.94E-03	5.584677	0.00797073	0.00E+00	0.00E+00
6.25E-03	5.542954	0.0077689	0.00E+00	0.00E+00
6.88E-03	5.470623	0.007407342	0.00E+00	0.00E+00
7.50E-03	5.410121	0.007091979	0.00E+00	0.00E+00
8.13E-03	5.358792	0.006813743	0.00E+00	0.00E+00
8.75E-03	5.314711	0.006565877	0.00E+00	0.00E+00
9.38E-03	5.276456	0.006343232	0.00E+00	0.00E+00
1.00E-02	5.242951	0.006141801	0.00E+00	0.00E+00
1.06E-02	5.213366	0.005958416	0.00E+00	0.00E+00
1.13E-02	5.187056	0.005790535	0.00E+00	0.00E+00
1.19E-02	5.163506	0.005636089	0.00E+00	0.00E+00
1.25E-02	5.142305	0.005493377	0.00E+00	0.00E+00
1.38E-02	5.105677	0.005237727	0.00E+00	0.00E+00
1.50E-02	5.075147	0.005014744	0.00E+00	0.00E+00
1.63E-02	5.049311	0.004818016	0.00E+00	0.00E+00
1.75E-02	5.027165	0.004642765	0.00E+00	0.00E+00
1.88E-02	5.00797	0.004485348	0.00E+00	0.00E+00
2.00E-02	4.991175	0.004342933	0.00E+00	0.00E+00
2.13E-02	4.975522	0.004205863	0.00E+00	0.00E+00
2.27E-02	4.961699	0.004081005	0.00E+00	0.00E+00
2.40E-02	4.949405	0.003966646	0.00E+00	0.00E+00
2.53E-02	4.938398	0.003861391	0.00E+00	0.00E+00
2.68E-02	4.926944	0.003748727	0.00E+00	0.00E+00
2.84E-02	4.916735	0.00364538	0.00E+00	0.00E+00
3.15E-02	4.899322	0.003461976	0.00E+00	0.00E+00
3.46E-02	4.88502	0.003303719	0.00E+00	0.00E+00
3.77E-02	4.873063	0.003165343	0.00E+00	0.00E+00
4.07E-02	4.862917	0.003043008	0.00E+00	0.00E+00
4.38E-02	4.854201	0.002933842	0.00E+00	0.00E+00
4.69E-02	4.846632	0.002835642	0.00E+00	0.00E+00
5.00E-02	4.839998	0.002746692	0.00E+00	0.00E+00
5.31E-02	4.834067	0.002664684	0.00E+00	0.00E+00
5.63E-02	4.828796	0.002589613	0.00E+00	0.00E+00
5.94E-02	4.824079	0.002520553	0.00E+00	0.00E+00
6.25E-02	4.819834	0.00245674	0.00E+00	0.00E+00
6.88E-02	4.8125	0.002342417	0.00E+00	0.00E+00
7.50E-02	4.806389	0.002242685	0.00E+00	0.00E+00
8.13E-02	4.801218	0.002154679	0.00E+00	0.00E+00
8.75E-02	4.796785	0.002076273	0.00E+00	0.00E+00
9.38E-02	4.792944	0.002005848	0.00E+00	0.00E+00
1.00E-01	4.789582	0.001942145	0.00E+00	0.00E+00
1.06E-01	4.786617	0.001884164	0.00E+00	0.00E+00
1.13E-01	4.783981	0.001831099	0.00E+00	0.00E+00
1.19E-01	4.781623	0.001782289	0.00E+00	0.00E+00
1.25E-01	4.779501	0.00173719	0.00E+00	0.00E+00
1.38E-01	4.775836	0.001656388	0.00E+00	0.00E+00
1.50E-01	4.772782	0.001585881	0.00E+00	0.00E+00
1.63E-01	4.770198	0.001523654	0.00E+00	0.00E+00
1.75E-01	4.767983	0.00146822	0.00E+00	0.00E+00
1.88E-01	4.766063	0.001418436	0.00E+00	0.00E+00
2.00E-01	4.764383	0.001373403	0.00E+00	0.00E+00
2.19E-01	4.762224	0.001313228	0.00E+00	0.00E+00
2.38E-01	4.760405	0.001260304	0.00E+00	0.00E+00
2.56E-01	4.758853	0.001213281	0.00E+00	0.00E+00
2.75E-01	4.757512	0.001171153	0.00E+00	0.00E+00
2.94E-01	4.756342	0.001133145	0.00E+00	0.00E+00
3.13E-01	4.755313	0.001098643	0.00E+00	0.00E+00
3.31E-01	4.7544	0.001067147	0.00E+00	0.00E+00
3.50E-01	4.753585	0.001038234	0.00E+00	0.00E+00
3.88E-01	4.752192	9.87E-04	0.00E+00	0.00E+00
4.25E-01	4.751044	9.42E-04	0.00E+00	0.00E+00
5.00E-01	4.749265	8.69E-04	0.00E+00	0.00E+00
6.25E-01	4.747249	7.77E-04	0.00E+00	0.00E+00
7.50E-01	4.745904	7.09E-04	0.00E+00	0.00E+00
8.75E-01	4.744944	6.57E-04	0.00E+00	0.00E+00
1.00E+00	4.744223	6.15E-04	0.00E+00	0.00E+00
1.25E+00	4.743214	5.49E-04	0.00E+00	0.00E+00
1.50E+00	4.74254	5.02E-04	0.00E+00	0.00E+00
1.75E+00	4.742059	4.64E-04	0.00E+00	0.00E+00
2.00E+00	4.741697	4.34E-04	0.00E+00	0.00E+00
2.38E+00	4.741298	3.99E-04	0.00E+00	0.00E+00
2.75E+00	4.741006	3.71E-04	0.00E+00	0.00E+00
3.13E+00	4.740784	3.48E-04	0.00E+00	0.00E+00
3.50E+00	4.740609	3.28E-04	0.00E+00	0.00E+00
4.25E+00	4.74035	2.98E-04	0.00E+00	0.00E+00
5.00E+00	4.740168	2.75E-04	0.00E+00	0.00E+00
6.25E+00	4.739958	2.46E-04	0.00E+00	0.00E+00
7.50E+00	4.739816	2.24E-04	0.00E+00	0.00E+00
8.75E+00	4.739713	2.08E-04	0.00E+00	0.00E+00
1.00E+01	4.739633	1.94E-04	0.00E+00	0.00E+00
1.25E+01	4.739521	1.74E-04	0.00E+00	0.00E+00
1.50E+01	4.739442	1.59E-04	0.00E+00	0.00E+00
1.75E+01	4.739383	1.47E-04	0.00E+00	0.00E+00
2.00E+01	4.739335	1.37E-04	0.00E+00	0.00E+00
2.38E+01	4.739278	1.26E-04	0.00E+00	0.00E+00
2.75E+01	4.739232	1.17E-04	0.00E+00	0.00E+00
3.13E+01	4.739192	1.10E-04	0.00E+00	0.00E+00
3.50E+01	4.739158	1.04E-04	0.00E+00	0.00E+00
4.25E+01	4.739099	9.42E-05	0.00E+00	0.00E+00
5.00E+01	4.739046	8.68E-05	0.00E+00	0.00E+00
6.25E+01	4.738969	7.77E-05	0.00E+00	0.00E+00
7.50E+01	4.738898	7.09E-05	0.00E+00	0.00E+00
8.75E+01	4.738831	6.56E-05	0.00E+00	0.00E+00
1.00E+02	4.738766	6.14E-05	0.00E+00	0.00E+00
1.25E+02	4.738641	5.49E-05	0.00E+00	0.00E+00
1.50E+02	4.73852	5.01E-05	0.00E+00	0.00E+00
1.75E+02	4.7384	4.64E-05	0.00E+00	0.00E+00
2.00E+02	4.738282	4.34E-05	0.00E+00	0.00E+00
2.38E+02	4.738105	3.98E-05	0.00E+00	0.00E+00
2.75E+02	4.73793	3.70E-05	0.00E+00	0.00E+00
3.13E+02	4.737756	3.47E-05	0.00E+00	0.00E+00
3.50E+02	4.737582	3.28E-05	0.00E+00	0.00E+00
4.25E+02	4.737235	2.98E-05	0.00E+00	0.00E+00
5.00E+02	4.736889	2.75E-05	0.00E+00	0.00E+00
6.25E+02	4.736313	2.52E-05	0.00E+00	0.00E+00
7.50E+02	4.735738	2.34E-05	0.00E+00	0.00E+00
8.75E+02	4.735163	2.21E-05	0.00E+00	0.00E+00
1.00E+03	4.734588	2.09E-05	0.00E+00	0.00E+00
1.25E+03	4.733431	1.91E-05	0.00E+00	0.00E+00
1.50E+03	4.732274	1.78E-05	0.00E+00	0.00E+00
1.75E+03	4.731119	1.67E-05	0.00E+00	0.00E+00
2.00E+03	4.729962	1.59E-05	0.00E+00	0.00E+00
2.75E+03	4.726494	1.44E-05	0.00E+00	0.00E+00
3.50E+03	4.723026	1.34E-05	0.00E+00	0.00E+00
4.25E+03	4.719558	1.27E-05	0.00E+00	0.00E+00
5.00E+03	4.716093	1.21E-05	0.00E+00	0.00E+00
6.25E+03	4.711843	1.17E-05	0.00E+00	0.00E+00
7.50E+03	4.707596	1.14E-05	0.00E+00	0.00E+00
8.75E+03	4.703348	1.12E-05	0.00E+00	0.00E+00
1.00E+04	4.699099	1.10E-05	0.00E+00	0.00E+00
1.25E+04	4.690599	1.09E-05	0.00E+00	0.00E+00
1.50E+04	4.682099	1.09E-05	0.00E+00	0.00E+00
1.75E+04	4.673699	1.08E-05	0.00E+00	0.00E+00
2.00E+04	4.665299	1.08E-05	0.00E+00	0.00E+00
2.25E+04	4.656949	1.11E-05	0.00E+00	0.00E+00
2.50E+04	4.648599	1.14E-05	0.00E+00	0.00E+00
2.75E+04	4.640249	1.16E-05	0.00E+00	0.00E+00
3.00E+04	4.631899	1.18E-05	0.00E+00	0.00E+00
3.25E+04	4.623649	1.21E-05	0.00E+00	0.00E+00
3.50E+04	4.615399	1.23E-05	0.00E+00	0.00E+00
4.00E+04	4.598899	1.26E-05	0.00E+00	0.00E+00
4.50E+04	4.582499	1.30E-05	0.00E+00	0.00E+00
5.00E+04	4.566199	1.33E-05	0.00E+00	0.00E+00
6.25E+04	4.526199	1.44E-05	0.00E+00	0.00E+00
7.50E+04	4.4862	1.54E-05	0.00E+00	0.00E+00
8.75E+04	4.447299	1.63E-05	0.00E+00	0.00E+00
1.00E+05	4.408399	1.70E-05	0.00E+00	0.00E+00
1.25E+05	4.3301	1.84E-05	0.00E+00	0.00E+00
1.30E+05	4.314802	1.86E-05	0.00E+00	0.00E+00
1.35E+05	4.301202	1.89E-05	0.00E+00	0.00E+00
1.40E+05	4.289106	1.91E-05	0.00E+00	0.00E+00
1.43E+05	4.284812	1.92E-05	0.00E+00	0.00E+00
1.45E+05	4.283837	1.94E-05	0.00E+00	0.00E+00
1.50E+05	4.340274	1.96E-05	0.00E+00	0.00E+00
1.51E+05	4.393994	1.96E-05	0.00E+00	0.00E+00
1.52E+05	4.476157	1.97E-05	0.00E+00	0.00E+00
1.53E+05	4.519489	1.97E-05	0.00E+00	0.00E+00
1.54E+05	4.454281	1.98E-05	0.00E+00	0.00E+00
1.55E+05	4.373399	1.98E-05	0.00E+00	0.00E+00
1.56E+05	4.321277	1.98E-05	0.00E+00	0.00E+00
1.58E+05	4.271141	1.99E-05	0.00E+00	0.00E+00
1.60E+05	4.248441	2.00E-05	0.00E+00	0.00E+00
1.65E+05	4.220409	2.02E-05	0.00E+00	0.00E+00
1.70E+05	4.202104	2.04E-05	0.00E+00	0.00E+00
1.75E+05	4.186101	2.06E-05	0.00E+00	0.00E+00
1.80E+05	4.171201	2.08E-05	0.00E+00	0.00E+00
2.00E+05	4.1159	2.16E-05	0.00E+00	0.00E+00
2.25E+05	4.0484	2.17E-05	0.00E+00	0.00E+00
2.50E+05	3.9828	2.17E-05	0.00E+00	0.00E+00
2.75E+05	3.9182	2.17E-05	0.00E+00	0.00E+00
3.00E+05	3.8551	2.18E-05	0.00E+00	0.00E+00
3.25E+05	3.7937	2.18E-05	0.00E+00	0.00E+00
3.50E+05	3.7338	2.18E-05	0.00E+00	0.00E+00
3.75E+05	3.6753	2.19E-05	0.00E+00	0.00E+00
4.00E+05	3.6182	2.19E-05	0.00E+00	0.00E+00
4.25E+05	3.5626	2.19E-05	0.00E+00	0.00E+00
4.50E+05	3.5082	2.20E-05	0.00E+00	0.00E+00
4.75E+05	3.4551	2.20E-05	0.00E+00	0.00E+00
5.00E+05	3.4033	2.20E-05	0.00E+00	0.00E+00
5.25E+05	3.3527	2.20E-05	0.00E+00	0.00E+00
5.50E+05	3.3032	2.20E-05	0.00E+00	0.00E+00
5.75E+05	3.2549	2.20E-05	0.00E+00	0.00E+00
6.00E+05	3.2076	2.20E-05	0.00E+00	0.00E+00
6.25E+05	3.1615	2.20E-05	0.00E+00	0.00E+00
6.50E+05	3.1163	2.20E-05	0.00E+00	0.00E+00
6.75E+05	3.0722	2.20E-05	0.00E+00	0.00E+00
7.00E+05	3.029	2.20E-05	0.00E+00	0.00E+00
7.25E+05	2.9868	2.21E-05	0.00E+00	0.00E+00
7.50E+05	2.9454	2.21E-05	0.00E+00	0.00E+00
7.75E+05	2.905	2.21E-05	0.00E+00	0.00E+00
8.00E+05	2.8654	2.21E-05	0.00E+00	0.00E+00
8.25E+05	2.8267	2.21E-05	0.00E+00	0.00E+00
8.50E+05	2.7888	2.21E-05	0.00E+00	0.00E+00
8.75E+05	2.7517	2.21E-05	0.00E+00	0.00E+00
9.00E+05	2.7154	2.21E-05	0.00E+00	0.00E+00
9.25E+05	2.6798	2.21E-05	0.00E+00	0.00E+00
9.50E+05	2.645	2.21E-05	0.00E+00	0.00E+00
9.75E+05	2.6108	2.21E-05	0.00E+00	0.00E+00
1.00E+06	2.5774	2.21E-05	0.00E+00	0.00E+00
1.05E+06	2.512499	2.21E-05	0.00E+00	0.00E+00
1.10E+06	2.450299	2.21E-05	0.00E+00	0.00E+00
1.15E+06	2.390499	2.21E-05	0.00E+00	0.00E+00
1.20E+06	2.333099	2.21E-05	0.00E+00	0.00E+00
1.25E+06	2.277899	2.21E-05	0.00E+00	0.00E+00
1.30E+06	2.224898	2.21E-05	0.00E+00	0.00E+00
1.35E+06	2.173898	2.21E-05	0.00E+00	0.00E+00
1.40E+06	2.124997	2.21E-05	0.00E+00	0.00E+00
1.45E+06	2.077997	2.21E-05	0.00E+00	0.00E+00
1.50E+06	2.032797	2.21E-05	0.00E+00	0.00E+00
1.55E+06	1.988796	2.21E-05	0.00E+00	0.00E+00
1.60E+06	1.946496	2.21E-05	0.00E+00	0.00E+00
1.65E+06	1.905896	2.21E-05	0.00E+00	0.00E+00
1.68E+06	1.881895	2.21E-05	0.00E+00	0.00E+00
1.70E+06	1.865496	2.21E-05	0.00E+00	0.00E+00
1.71E+06	1.857398	2.21E-05	0.00E+00	0.00E+00
1.72E+06	1.850712	2.21E-05	0.00E+00	0.00E+00
1.73E+06	1.854726	2.21E-05	0.00E+00	0.00E+00
1.74E+06	1.862434	2.21E-05	0.00E+00	0.00E+00
1.74E+06	1.854395	2.21E-05	0.00E+00	0.00E+00
1.75E+06	1.832719	2.21E-05	0.00E+00	0.00E+00
1.76E+06	1.824399	2.21E-05	0.00E+00	0.00E+00
1.77E+06	1.817995	2.21E-05	0.00E+00	0.00E+00
1.78E+06	1.811494	2.21E-05	0.00E+00	0.00E+00
1.79E+06	1.804795	2.21E-05	0.00E+00	0.00E+00
1.80E+06	1.797995	2.21E-05	0.00E+00	0.00E+00
1.82E+06	1.784395	2.21E-05	0.00E+00	0.00E+00
1.85E+06	1.764395	2.21E-05	0.00E+00	0.00E+00
1.90E+06	1.731895	2.21E-05	0.00E+00	0.00E+00
1.95E+06	1.700595	2.21E-05	0.00E+00	0.00E+00
2.00E+06	1.670399	2.21E-05	0.00E+00	0.00E+00
2.03E+06	1.659094	2.21E-05	0.00E+00	0.00E+00
2.05E+06	1.684894	2.21E-05	0.00E+00	0.00E+00
2.05E+06	1.695094	2.21E-05	0.00E+00	0.00E+00
2.05E+06	1.701994	2.21E-05	0.00E+00	0.00E+00
2.05E+06	1.708894	2.21E-05	0.00E+00	0.00E+00
2.06E+06	1.727794	2.21E-05	0.00E+00	0.00E+00
2.06E+06	1.754194	2.21E-05	0.00E+00	0.00E+00
2.06E+06	1.791794	2.21E-05	0.00E+00	0.00E+00
2.06E+06	1.816494	2.21E-05	0.00E+00	0.00E+00
2.06E+06	1.846694	2.21E-05	0.00E+00	0.00E+00
2.06E+06	1.883594	2.21E-05	0.00E+00	0.00E+00
2.06E+06	1.929394	2.21E-05	0.00E+00	0.00E+00
2.07E+06	1.986794	2.21E-05	0.00E+00	0.00E+00
2.07E+06	2.059494	2.21E-05	0.00E+00	0.00E+00
2.07E+06	2.152494	2.21E-05	0.00E+00	0.00E+00
2.07E+06	2.273594	2.21E-05	0.00E+00	0.00E+00
2.07E+06	2.432794	2.21E-05	0.00E+00	0.00E+00
2.07E+06	2.644894	2.21E-05	0.00E+00	0.00E+00
2.07E+06	2.929694	2.21E-05	0.00E+00	0.00E+00
2.07E+06	3.312194	2.21E-05	0.00E+00	0.00E+00
2.07E+06	3.817594	2.21E-05	0.00E+00	0.00E+00
2.07E+06	4.451094	2.21E-05	0.00E+00	0.00E+00
2.08E+06	5.156494	2.21E-05	0.00E+00	0.00E+00
2.08E+06	5.766394	2.21E-05	0.00E+00	0.00E+00
2.08E+06	6.043494	2.21E-05	0.00E+00	0.00E+00
2.08E+06	5.871894	2.21E-05	0.00E+00	0.00E+00
2.08E+06	5.372794	2.21E-05	0.00E+00	0.00E+00
2.08E+06	4.765394	2.21E-05	0.00E+00	0.00E+00
2.08E+06	4.198894	2.21E-05	0.00E+00	0.00E+00
2.08E+06	3.728194	2.21E-05	0.00E+00	0.00E+00
2.08E+06	3.355894	2.21E-05	0.00E+00	0.00E+00
2.08E+06	3.065794	2.21E-05	0.00E+00	0.00E+00
2.09E+06	2.839894	2.21E-05	0.00E+00	0.00E+00
2.09E+06	2.662594	2.21E-05	0.00E+00	0.00E+00
2.09E+06	2.521794	2.21E-05	0.00E+00	0.00E+00
2.09E+06	2.408494	2.21E-05	0.00E+00	0.00E+00
2.09E+06	2.316594	2.21E-05	0.00E+00	0.00E+00
2.09E+06	2.240694	2.21E-05	0.00E+00	0.00E+00
2.09E+06	2.177594	2.21E-05	0.00E+00	0.00E+00
2.09E+06	2.124494	2.21E-05	0.00E+00	0.00E+00
2.09E+06	2.079394	2.21E-05	0.00E+00	0.00E+00
2.09E+06	2.040694	2.21E-05	0.00E+00	0.00E+00
2.10E+06	2.007294	2.21E-05	0.00E+00	0.00E+00
2.10E+06	1.978294	2.21E-05	0.00E+00	0.00E+00
2.10E+06	1.952794	2.21E-05	0.00E+00	0.00E+00
2.10E+06	1.930294	2.21E-05	0.00E+00	0.00E+00
2.10E+06	1.910394	2.21E-05	0.00E+00	0.00E+00
2.10E+06	1.892594	2.21E-05	0.00E+00	0.00E+00
2.10E+06	1.862394	2.21E-05	0.00E+00	0.00E+00
2.10E+06	1.837594	2.21E-05	0.00E+00	0.00E+00
2.11E+06	1.816994	2.21E-05	0.00E+00	0.00E+00
2.11E+06	1.799594	2.21E-05	0.00E+00	0.00E+00
2.11E+06	1.784794	2.21E-05	0.00E+00	0.00E+00
2.11E+06	1.772094	2.21E-05	0.00E+00	0.00E+00
2.11E+06	1.760894	2.21E-05	0.00E+00	0.00E+00
2.12E+06	1.751094	2.21E-05	0.00E+00	0.00E+00
2.12E+06	1.742394	2.21E-05	0.00E+00	0.00E+00
2.12E+06	1.734694	2.21E-05	0.00E+00	0.00E+00
2.14E+06	1.686293	2.21E-05	0.00E+00	0.00E+00
2.16E+06	1.661093	2.21E-05	0.00E+00	0.00E+00
2.18E+06	1.644493	2.21E-05	0.00E+00	0.00E+00
2.20E+06	1.631993	2.21E-05	0.00E+00	0.00E+00
2.22E+06	1.621893	2.21E-05	0.00E+00	0.00E+00
2.24E+06	1.613592	2.21E-05	0.00E+00	0.00E+00
2.26E+06	1.606492	2.21E-05	0.00E+00	0.00E+00
2.28E+06	1.600392	2.21E-05	0.00E+00	0.00E+00
2.30E+06	1.595292	2.21E-05	0.00E+00	0.00E+00
2.32E+06	1.591092	2.21E-05	0.00E+00	0.00E+00
2.34E+06	1.587791	2.21E-05	0.00E+00	0.00E+00
2.36E+06	1.585291	2.21E-05	0.00E+00	0.00E+00
2.38E+06	1.583691	2.21E-05	0.00E+00	0.00E+00
2.40E+06	1.582891	2.21E-05	0.00E+00	0.00E+00
2.42E+06	1.583091	2.21E-05	0.00E+00	0.00E+00
2.44E+06	1.58429	2.21E-05	0.00E+00	0.00E+00
2.46E+06	1.58659	2.21E-05	0.00E+00	0.00E+00
2.48E+06	1.58989	2.21E-05	0.00E+00	0.00E+00
2.50E+06	1.59449	2.21E-05	0.00E+00	0.00E+00
2.52E+06	1.60039	2.21E-05	0.00E+00	0.00E+00
2.54E+06	1.607689	2.21E-05	0.00E+00	0.00E+00
2.55E+06	1.613389	2.21E-05	0.00E+00	0.00E+00
2.56E+06	1.616489	2.21E-05	0.00E+00	0.00E+00
2.58E+06	1.626989	2.21E-05	0.00E+00	0.00E+00
2.60E+06	1.639489	2.21E-05	0.00E+00	0.00E+00
2.62E+06	1.653989	2.21E-05	0.00E+00	0.00E+00
2.64E+06	1.670889	2.21E-05	0.00E+00	0.00E+00
2.66E+06	1.690489	2.21E-05	0.00E+00	0.00E+00
2.68E+06	1.713188	2.21E-05	0.00E+00	0.00E+00
2.70E+06	1.739588	2.21E-05	0.00E+00	0.00E+00
2.72E+06	1.770188	2.21E-05	0.00E+00	0.00E+00
2.74E+06	1.805888	2.21E-05	0.00E+00	0.00E+00
2.76E+06	1.847788	2.21E-05	0.00E+00	0.00E+00
2.78E+06	1.897888	2.21E-05	0.00E+00	0.00E+00
2.79E+06	1.911988	2.21E-05	0.00E+00	0.00E+00
2.79E+06	1.926988	2.21E-05	0.00E+00	0.00E+00
2.80E+06	1.943087	2.21E-05	0.00E+00	0.00E+00
2.80E+06	1.961087	2.21E-05	0.00E+00	0.00E+00
2.80E+06	1.969287	2.21E-05	0.00E+00	0.00E+00
2.80E+06	1.978587	2.21E-05	0.00E+00	0.00E+00
2.81E+06	1.990287	2.21E-05	0.00E+00	0.00E+00
2.81E+06	2.006987	2.21E-05	0.00E+00	0.00E+00
2.81E+06	2.038887	2.21E-05	0.00E+00	0.00E+00
2.81E+06	2.071787	2.21E-05	0.00E+00	0.00E+00
2.81E+06	2.139987	2.21E-05	0.00E+00	0.00E+00
2.81E+06	2.327987	2.21E-05	0.00E+00	0.00E+00
2.81E+06	3.160487	2.21E-05	0.00E+00	0.00E+00
2.82E+06	5.070887	2.21E-05	0.00E+00	0.00E+00
2.82E+06	2.776187	2.21E-05	0.00E+00	0.00E+00
2.82E+06	2.289487	2.21E-05	0.00E+00	0.00E+00
2.82E+06	2.158887	2.21E-05	0.00E+00	0.00E+00
2.82E+06	2.108987	2.21E-05	0.00E+00	0.00E+00
2.82E+06	2.086287	2.21E-05	0.00E+00	0.00E+00
2.82E+06	2.069687	2.21E-05	0.00E+00	0.00E+00
2.82E+06	2.067287	2.21E-05	0.00E+00	0.00E+00
2.83E+06	2.070187	2.21E-05	0.00E+00	0.00E+00
2.83E+06	2.075587	2.21E-05	0.00E+00	0.00E+00
2.83E+06	2.082487	2.21E-05	0.00E+00	0.00E+00
2.84E+06	2.102887	2.21E-05	0.00E+00	0.00E+00
2.84E+06	2.126487	2.21E-05	0.00E+00	0.00E+00
2.85E+06	2.152187	2.21E-05	0.00E+00	0.00E+00
2.85E+06	2.180087	2.21E-05	0.00E+00	0.00E+00
2.86E+06	2.210187	2.21E-05	0.00E+00	0.00E+00
2.86E+06	2.242487	2.21E-05	0.00E+00	0.00E+00
2.87E+06	2.277387	2.21E-05	0.00E+00	0.00E+00
2.87E+06	2.314887	2.21E-05	0.00E+00	0.00E+00
2.88E+06	2.355487	2.21E-05	0.00E+00	0.00E+00
2.88E+06	2.399387	2.21E-05	0.00E+00	0.00E+00
2.89E+06	2.446987	2.21E-05	0.00E+00	0.00E+00
2.89E+06	2.498687	2.21E-05	0.00E+00	0.00E+00
2.90E+06	2.554787	2.21E-05	0.00E+00	0.00E+00
2.90E+06	2.615687	2.21E-05	0.00E+00	0.00E+00
2.91E+06	2.681787	2.21E-05	0.00E+00	0.00E+00
2.91E+06	2.753187	2.21E-05	0.00E+00	0.00E+00
2.92E+06	2.829587	2.21E-05	0.00E+00	0.00E+00
2.92E+06	2.910287	2.21E-05	0.00E+00	0.00E+00
2.92E+06	2.976787	2.21E-05	0.00E+00	0.00E+00
2.93E+06	3.043186	2.21E-05	0.00E+00	0.00E+00
2.93E+06	3.106686	2.21E-05	0.00E+00	0.00E+00
2.94E+06	3.163286	2.21E-05	0.00E+00	0.00E+00
2.94E+06	3.206986	2.21E-05	0.00E+00	0.00E+00
2.94E+06	3.229686	2.21E-05	0.00E+00	0.00E+00
2.95E+06	3.221186	2.21E-05	0.00E+00	0.00E+00
2.95E+06	3.170686	2.21E-05	0.00E+00	0.00E+00
2.96E+06	3.068586	2.21E-05	0.00E+00	0.00E+00
2.96E+06	2.910586	2.21E-05	0.00E+00	0.00E+00
2.96E+06	2.701286	2.21E-05	0.00E+00	0.00E+00
2.97E+06	2.455686	2.21E-05	0.00E+00	0.00E+00
2.97E+06	2.195986	2.21E-05	0.00E+00	0.00E+00
2.98E+06	1.945786	2.21E-05	0.00E+00	0.00E+00
2.98E+06	1.723486	2.21E-05	0.00E+00	0.00E+00
2.98E+06	1.539486	2.21E-05	0.00E+00	0.00E+00
2.99E+06	1.396186	2.21E-05	0.00E+00	0.00E+00
2.99E+06	1.290786	2.21E-05	0.00E+00	0.00E+00
3.00E+06	1.217586	2.21E-05	0.00E+00	0.00E+00
3.00E+06	1.170386	2.21E-05	0.00E+00	0.00E+00
3.01E+06	1.129486	2.21E-05	0.00E+00	0.00E+00
3.02E+06	1.150286	2.21E-05	0.00E+00	0.00E+00
3.03E+06	1.197586	2.21E-05	0.00E+00	0.00E+00
3.04E+06	1.254686	2.21E-05	0.00E+00	0.00E+00
3.05E+06	1.313986	2.21E-05	0.00E+00	0.00E+00
3.05E+06	1.331586	2.21E-05	0.00E+00	0.00E+00
3.06E+06	1.372485	2.21E-05	0.00E+00	0.00E+00
3.08E+06	1.482485	2.21E-05	0.00E+00	0.00E+00
3.10E+06	1.582585	2.21E-05	0.00E+00	0.00E+00
3.12E+06	1.674385	2.21E-05	0.00E+00	0.00E+00
3.14E+06	1.759885	2.21E-05	0.00E+00	0.00E+00
3.16E+06	1.840385	2.21E-05	0.00E+00	0.00E+00
3.18E+06	1.917085	2.21E-05	0.00E+00	0.00E+00
3.20E+06	1.990385	2.21E-05	0.00E+00	0.00E+00
3.22E+06	2.060884	2.21E-05	0.00E+00	0.00E+00
3.24E+06	2.128484	2.21E-05	0.00E+00	0.00E+00
3.26E+06	2.193184	2.21E-05	0.00E+00	0.00E+00
3.28E+06	2.254884	2.21E-05	0.00E+00	0.00E+00
3.30E+06	2.313184	2.21E-05	0.00E+00	0.00E+00
3.32E+06	2.367784	2.21E-05	0.00E+00	0.00E+00
3.34E+06	2.418284	2.21E-05	0.00E+00	0.00E+00
3.36E+06	2.464384	2.21E-05	0.00E+00	0.00E+00
3.38E+06	2.505783	2.21E-05	0.00E+00	0.00E+00
3.40E+06	2.541983	2.21E-05	0.00E+00	0.00E+00
3.42E+06	2.572883	2.21E-05	0.00E+00	0.00E+00
3.44E+06	2.598383	2.21E-05	0.00E+00	0.00E+00
3.46E+06	2.618183	2.21E-05	0.00E+00	0.00E+00
3.48E+06	2.632383	2.21E-05	0.00E+00	0.00E+00
3.50E+06	2.640983	2.21E-05	0.00E+00	0.00E+00
3.52E+06	2.644183	2.21E-05	0.00E+00	0.00E+00
3.54E+06	2.642182	2.21E-05	0.00E+00	0.00E+00
3.55E+06	2.637682	2.21E-05	0.00E+00	0.00E+00
3.56E+06	2.635282	2.21E-05	0.00E+00	0.00E+00
3.58E+06	2.623782	2.21E-05	0.00E+00	0.00E+00
3.60E+06	2.608082	2.21E-05	0.00E+00	0.00E+00
3.62E+06	2.588482	2.21E-05	0.00E+00	0.00E+00
3.64E+06	2.565382	2.21E-05	0.00E+00	0.00E+00
3.66E+06	2.539282	2.21E-05	0.00E+00	0.00E+00
3.68E+06	2.510481	2.21E-05	0.00E+00	0.00E+00
3.70E+06	2.479481	2.21E-05	0.00E+00	0.00E+00
3.72E+06	2.446481	2.21E-05	0.00E+00	0.00E+00
3.74E+06	2.411981	2.21E-05	0.00E+00	0.00E+00
3.76E+06	2.376181	2.21E-05	0.00E+00	0.00E+00
3.78E+06	2.339381	2.21E-05	0.00E+00	0.00E+00
3.80E+06	2.30188	2.21E-05	0.00E+00	0.00E+00
3.82E+06	2.26388	2.21E-05	0.00E+00	0.00E+00
3.84E+06	2.22568	2.21E-05	0.00E+00	0.00E+00
3.86E+06	2.18738	2.21E-05	0.00E+00	0.00E+00
3.88E+06	2.14908	2.21E-05	0.00E+00	0.00E+00
3.90E+06	2.11118	2.21E-05	0.00E+00	0.00E+00
3.92E+06	2.073579	2.21E-05	0.00E+00	0.00E+00
3.94E+06	2.036679	2.21E-05	0.00E+00	0.00E+00
3.96E+06	2.000679	2.21E-05	0.00E+00	0.00E+00
3.98E+06	1.965679	2.21E-05	0.00E+00	0.00E+00
4.00E+06	1.932079	2.21E-05	0.00E+00	0.00E+00
4.01E+06	1.915979	2.21E-05	0.00E+00	0.00E+00
4.02E+06	1.900379	2.21E-05	0.00E+00	0.00E+00
4.03E+06	1.885478	2.21E-05	0.00E+00	0.00E+00
4.04E+06	1.871378	2.21E-05	0.00E+00	0.00E+00
4.05E+06	1.858078	2.21E-05	0.00E+00	0.00E+00
4.05E+06	1.854478	2.21E-05	0.00E+00	0.00E+00
4.06E+06	1.845878	2.21E-05	0.00E+00	0.00E+00
4.07E+06	1.834978	2.21E-05	0.00E+00	0.00E+00
4.08E+06	1.825478	2.21E-05	0.00E+00	0.00E+00
4.09E+06	1.817978	2.21E-05	0.00E+00	0.00E+00
4.10E+06	1.812578	2.21E-05	0.00E+00	0.00E+00
4.11E+06	1.809778	2.21E-05	0.00E+00	0.00E+00
4.12E+06	1.810278	2.21E-05	0.00E+00	0.00E+00
4.13E+06	1.814478	2.21E-05	0.00E+00	0.00E+00
4.14E+06	1.823278	2.21E-05	0.00E+00	0.00E+00
4.15E+06	1.837178	2.21E-05	0.00E+00	0.00E+00
4.16E+06	1.857178	2.21E-05	0.00E+00	0.00E+00
4.17E+06	1.883878	2.21E-05	0.00E+00	0.00E+00
4.18E+06	1.917477	2.21E-05	0.00E+00	0.00E+00
4.19E+06	1.957877	2.21E-05	0.00E+00	0.00E+00
4.20E+06	2.004277	2.21E-05	0.00E+00	0.00E+00
4.21E+06	2.054877	2.21E-05	0.00E+00	0.00E+00
4.22E+06	2.106577	2.21E-05	0.00E+00	0.00E+00
4.23E+06	2.155877	2.21E-05	0.00E+00	0.00E+00
4.24E+06	2.198777	2.21E-05	0.00E+00	0.00E+00
4.25E+06	2.231877	2.21E-05	0.00E+00	0.00E+00
4.26E+06	2.252777	2.21E-05	0.00E+00	0.00E+00
4.27E+06	2.260877	2.21E-05	0.00E+00	0.00E+00
4.28E+06	2.256777	2.21E-05	0.00E+00	0.00E+00
4.29E+06	2.242177	2.21E-05	0.00E+00	0.00E+00
4.30E+06	2.219477	2.21E-05	0.00E+00	0.00E+00
4.31E+06	2.190877	2.21E-05	0.00E+00	0.00E+00
4.32E+06	2.158477	2.21E-05	0.00E+00	0.00E+00
4.33E+06	2.123976	2.21E-05	0.00E+00	0.00E+00
4.34E+06	2.088576	2.21E-05	0.00E+00	0.00E+00
4.35E+06	2.053376	2.21E-05	0.00E+00	0.00E+00
4.36E+06	2.018876	2.21E-05	0.00E+00	0.00E+00
4.37E+06	1.985376	2.21E-05	0.00E+00	0.00E+00
4.38E+06	1.953276	2.21E-05	0.00E+00	0.00E+00
4.39E+06	1.922576	2.21E-05	0.00E+00	0.00E+00
4.40E+06	1.893276	2.21E-05	0.00E+00	0.00E+00
4.42E+06	1.838976	2.21E-05	0.00E+00	0.00E+00
4.44E+06	1.789876	2.21E-05	0.00E+00	0.00E+00
4.46E+06	1.745376	2.21E-05	0.00E+00	0.00E+00
4.48E+06	1.704876	2.21E-05	0.00E+00	0.00E+00
4.50E+06	1.667675	2.21E-05	0.00E+00	0.00E+00
4.52E+06	1.633275	2.21E-05	0.00E+00	0.00E+00
4.54E+06	1.601475	2.21E-05	0.00E+00	0.00E+00
4.55E+06	1.582175	2.21E-05	0.00E+00	0.00E+00
4.56E+06	1.571675	2.21E-05	0.00E+00	0.00E+00
4.58E+06	1.543775	2.21E-05	0.00E+00	0.00E+00
4.60E+06	1.517475	2.21E-05	0.00E+00	0.00E+00
4.62E+06	1.492474	2.21E-05	0.00E+00	0.00E+00
4.64E+06	1.468774	2.21E-05	0.00E+00	0.00E+00
4.66E+06	1.446174	2.21E-05	0.00E+00	0.00E+00
4.68E+06	1.424474	2.21E-05	0.00E+00	0.00E+00
4.70E+06	1.403574	2.21E-05	0.00E+00	0.00E+00
4.72E+06	1.383374	2.21E-05	0.00E+00	0.00E+00
4.74E+06	1.363873	2.21E-05	0.00E+00	0.00E+00
4.76E+06	1.344773	2.21E-05	0.00E+00	0.00E+00
4.78E+06	1.326173	2.21E-05	0.00E+00	0.00E+00
4.80E+06	1.307773	2.21E-05	0.00E+00	0.00E+00
4.81E+06	1.298573	2.21E-05	0.00E+00	0.00E+00
4.81E+06	1.296673	2.21E-05	0.00E+00	0.00E+00
4.81E+06	1.296573	2.21E-05	0.00E+00	0.00E+00
4.82E+06	1.287669	2.21E-05	0.00E+00	0.00E+00
4.85E+06	1.260003	2.21E-05	0.00E+00	0.00E+00
4.90E+06	1.223016	2.21E-05	0.00E+00	0.00E+00
4.90E+06	1.222979	2.21E-05	0.00E+00	0.00E+00
4.92E+06	1.238662	2.21E-05	0.00E+00	0.00E+00
4.92E+06	1.242827	2.21E-05	0.00E+00	0.00E+00
4.93E+06	1.310692	2.21E-05	0.00E+00	0.00E+00
4.93E+06	1.341525	2.21E-05	0.00E+00	0.00E+00
4.94E+06	1.719332	2.21E-05	0.00E+00	0.00E+00
4.94E+06	1.967061	2.21E-05	0.00E+00	0.00E+00
4.94E+06	1.940655	2.21E-05	0.00E+00	0.00E+00
4.94E+06	1.737162	2.21E-05	0.00E+00	0.00E+00
4.94E+06	1.693866	2.21E-05	0.00E+00	0.00E+00
4.94E+06	1.417228	2.21E-05	0.00E+00	0.00E+00
4.95E+06	1.277645	2.21E-05	0.00E+00	0.00E+00
4.95E+06	1.263948	2.21E-05	0.00E+00	0.00E+00
4.95E+06	1.230141	2.21E-05	0.00E+00	0.00E+00
4.96E+06	1.207183	2.21E-05	0.00E+00	0.00E+00
4.98E+06	1.16206	2.21E-05	0.00E+00	0.00E+00
4.99E+06	1.141205	2.21E-05	0.00E+00	0.00E+00
5.00E+06	1.120351	2.21E-05	0.00E+00	0.00E+00
5.00E+06	1.132431	2.21E-05	0.00E+00	0.00E+00
5.03E+06	1.117621	2.23E-05	0.00E+00	0.00E+00
5.05E+06	1.115501	2.25E-05	0.00E+00	0.00E+00
5.10E+06	1.09193	2.28E-05	0.00E+00	0.00E+00
5.12E+06	1.04887	2.29E-05	0.00E+00	0.00E+00
5.15E+06	1.06304	2.31E-05	0.00E+00	0.00E+00
5.18E+06	1.043219	2.33E-05	0.00E+00	0.00E+00
5.20E+06	1.020759	2.35E-05	0.00E+00	0.00E+00
5.23E+06	1.004789	2.37E-05	0.00E+00	0.00E+00
5.28E+06	0.965438	2.40E-05	0.00E+00	0.00E+00
5.30E+06	0.9571677	2.42E-05	0.00E+00	0.00E+00
5.33E+06	0.9328674	2.44E-05	0.00E+00	0.00E+00
5.34E+06	0.9630673	2.44E-05	0.00E+00	0.00E+00
5.34E+06	0.9216672	2.44E-05	0.00E+00	0.00E+00
5.36E+06	1.458567	2.46E-05	0.00E+00	0.00E+00
5.36E+06	1.697967	2.46E-05	0.00E+00	0.00E+00
5.37E+06	1.864067	2.46E-05	0.00E+00	0.00E+00
5.37E+06	1.844467	2.46E-05	0.00E+00	0.00E+00
5.38E+06	1.630767	2.47E-05	0.00E+00	0.00E+00
5.38E+06	1.553867	2.47E-05	0.00E+00	0.00E+00
5.39E+06	1.337667	2.48E-05	0.00E+00	0.00E+00
5.40E+06	1.202767	2.48E-05	0.00E+00	0.00E+00
5.41E+06	1.133766	2.49E-05	0.00E+00	0.00E+00
5.42E+06	1.098666	2.50E-05	0.00E+00	0.00E+00
5.43E+06	1.069966	2.50E-05	0.00E+00	0.00E+00
5.44E+06	1.060366	2.51E-05	0.00E+00	0.00E+00
5.46E+06	1.016466	2.53E-05	0.00E+00	0.00E+00
5.47E+06	1.006922	2.54E-05	0.00E+00	0.00E+00
5.50E+06	0.9905653	2.57E-05	0.00E+00	0.00E+00
5.55E+06	0.9727647	2.64E-05	0.00E+00	0.00E+00
5.55E+06	0.9817646	2.65E-05	0.00E+00	0.00E+00
5.60E+06	0.9588636	2.71E-05	0.00E+00	0.00E+00
5.65E+06	0.9419625	2.79E-05	0.00E+00	0.00E+00
5.70E+06	0.9200614	2.86E-05	0.00E+00	0.00E+00
5.80E+06	0.9098593	3.02E-05	0.00E+00	0.00E+00
5.90E+06	0.8853571	3.18E-05	0.00E+00	0.00E+00
6.00E+06	0.875355	3.34E-05	0.00E+00	0.00E+00
6.05E+06	0.8726539	3.41E-05	0.00E+00	0.00E+00
6.05E+06	0.8756538	3.42E-05	0.00E+00	0.00E+00
6.13E+06	0.8907518	3.52E-05	0.00E+00	0.00E+00
6.16E+06	0.9140508	3.57E-05	0.00E+00	0.00E+00
6.17E+06	0.9388504	3.59E-05	0.00E+00	0.00E+00
6.18E+06	0.9455503	3.60E-05	0.00E+00	0.00E+00
6.18E+06	0.9476662	3.61E-05	0.00E+00	0.00E+00
6.18E+06	0.9477386	3.61E-05	0.00E+00	0.00E+00
6.19E+06	0.963212	7.42E-05	0.00E+00	0.00E+00
6.20E+06	0.9807917	1.94E-04	0.00E+00	0.00E+00
6.21E+06	1.023931	2.54E-04	0.00E+00	0.00E+00
6.22E+06	1.038771	3.15E-04	0.00E+00	0.00E+00
6.23E+06	1.085411	3.75E-04	0.00E+00	0.00E+00
6.24E+06	1.16225	4.36E-04	0.00E+00	0.00E+00
6.25E+06	1.237489	4.96E-04	0.00E+00	0.00E+00
6.29E+06	2.104878	7.07E-04	0.00E+00	0.00E+00
6.30E+06	2.382617	7.68E-04	0.00E+00	0.00E+00
6.30E+06	2.263269	8.16E-04	0.00E+00	0.00E+00
6.31E+06	2.011527	8.58E-04	0.00E+00	0.00E+00
6.32E+06	1.596266	9.18E-04	0.00E+00	0.00E+00
6.33E+06	1.368506	9.78E-04	0.00E+00	0.00E+00
6.34E+06	1.192705	9.79E-04	0.00E+00	0.00E+00
6.35E+06	1.146304	9.80E-04	0.00E+00	0.00E+00
6.36E+06	1.224303	9.81E-04	0.00E+00	0.00E+00
6.37E+06	1.066002	9.82E-04	0.00E+00	0.00E+00
6.39E+06	0.8893001	9.83E-04	0.00E+00	0.00E+00
6.40E+06	0.8725991	9.84E-04	0.00E+00	0.00E+00
6.41E+06	0.8473981	9.85E-04	0.00E+00	0.00E+00
6.42E+06	0.8254972	9.86E-04	0.00E+00	0.00E+00
6.43E+06	0.8413962	9.87E-04	0.00E+00	0.00E+00
6.44E+06	0.8276952	9.88E-04	0.00E+00	0.00E+00
6.45E+06	0.8336942	9.89E-04	0.00E+00	0.00E+00
6.47E+06	0.8280922	9.90E-04	0.00E+00	0.00E+00
6.49E+06	0.8303902	9.92E-04	0.00E+00	0.00E+00
6.51E+06	0.8043883	9.94E-04	0.00E+00	0.00E+00
6.54E+06	0.7057853	9.96E-04	0.00E+00	0.00E+00
6.55E+06	0.631754	9.98E-04	0.00E+00	0.00E+00
6.56E+06	0.6020935	9.98E-04	0.00E+00	0.00E+00
6.56E+06	0.5908833	9.98E-04	0.00E+00	0.00E+00
6.57E+06	0.5304422	9.99E-04	0.00E+00	0.00E+00
6.58E+06	0.5013212	1.00E-03	0.00E+00	0.00E+00
6.59E+06	0.5050101	1.00E-03	0.00E+00	0.00E+00
6.60E+06	0.514009	1.00E-03	0.00E+00	0.00E+00
6.62E+06	0.5769369	1.00E-03	0.00E+00	0.00E+00
6.64E+06	0.5919048	1.01E-03	0.00E+00	0.00E+00
6.66E+06	0.7369228	1.01E-03	0.00E+00	0.00E+00
6.67E+06	0.6824821	1.01E-03	0.00E+00	0.00E+00
6.67E+06	0.6701116	1.01E-03	0.00E+00	0.00E+00
6.68E+06	0.6613505	1.01E-03	0.00E+00	0.00E+00
6.70E+06	0.6555384	1.01E-03	0.00E+00	0.00E+00
6.75E+06	0.6499931	1.02E-03	0.00E+00	0.00E+00
6.81E+06	0.6457667	1.02E-03	0.00E+00	0.00E+00
6.92E+06	0.606045	1.03E-03	0.00E+00	0.00E+00
7.00E+06	0.5736164	1.04E-03	0.00E+00	0.00E+00
7.05E+06	0.5726208	1.04E-03	0.00E+00	0.00E+00
7.10E+06	0.5691353	1.05E-03	0.00E+00	0.00E+00
7.14E+06	0.5828107	1.05E-03	0.00E+00	0.00E+00
7.18E+06	0.602546	1.06E-03	0.00E+00	0.00E+00
7.20E+06	0.6398751	2.06E-03	0.00E+00	0.00E+00
7.22E+06	0.6678271	3.05E-03	0.00E+00	0.00E+00
7.23E+06	0.6763279	3.30E-03	0.00E+00	0.00E+00
7.25E+06	0.7467458	4.54E-03	0.00E+00	0.00E+00
7.27E+06	0.8226378	5.53E-03	0.00E+00	0.00E+00
7.28E+06	0.8841454	6.02E-03	0.00E+00	0.00E+00
7.34E+06	1.332045	1.10E-02	0.00E+00	0.00E+00
7.35E+06	1.429922	1.31E-02	0.00E+00	0.00E+00
7.36E+06	1.422168	1.52E-02	0.00E+00	0.00E+00
7.37E+06	1.46397	1.73E-02	0.00E+00	0.00E+00
7.40E+06	1.413788	2.35E-02	0.00E+00	0.00E+00
7.42E+06	1.397957	2.76E-02	0.00E+00	0.00E+00
7.47E+06	1.37137	3.79E-02	0.00E+00	0.00E+00
7.53E+06	1.378162	5.00E-02	0.00E+00	0.00E+00
7.54E+06	1.363398	5.26E-02	0.00E+00	0.00E+00
7.55E+06	1.355141	5.48E-02	0.00E+00	0.00E+00
7.59E+06	1.337997	6.37E-02	0.00E+00	0.00E+00
7.62E+06	1.326286	7.35E-02	0.00E+00	0.00E+00
7.64E+06	1.333954	8.12E-02	0.00E+00	0.00E+00
7.65E+06	1.337031	8.43E-02	0.00E+00	0.00E+00
7.67E+06	1.390861	8.96E-02	0.00E+00	0.00E+00
7.68E+06	1.414839	9.21E-02	0.00E+00	0.00E+00
7.70E+06	1.525053	9.66E-02	0.00E+00	0.00E+00
7.70E+06	1.529955	9.70E-02	0.00E+00	0.00E+00
7.73E+06	1.798866	1.03E-01	0.00E+00	0.00E+00
7.75E+06	1.987272	1.07E-01	0.00E+00	0.00E+00
7.75E+06	1.954229	1.08E-01	0.00E+00	0.00E+00
7.77E+06	1.823504	1.12E-01	0.00E+00	0.00E+00
7.79E+06	1.683315	1.15E-01	0.00E+00	0.00E+00
7.81E+06	1.580566	1.19E-01	0.00E+00	0.00E+00
7.82E+06	1.582205	1.21E-01	0.00E+00	0.00E+00
7.86E+06	1.52173	1.30E-01	0.00E+00	0.00E+00
7.89E+06	1.492688	1.33E-01	0.00E+00	0.00E+00
7.89E+06	1.492139	1.33E-01	0.00E+00	0.00E+00
7.89E+06	1.474376	1.31E-01	0.00E+00	0.00E+00
7.90E+06	1.471598	1.32E-01	0.00E+00	0.00E+00
7.93E+06	1.431961	1.32E-01	0.00E+00	0.00E+00
7.94E+06	1.409819	1.31E-01	0.00E+00	0.00E+00
8.00E+06	1.350856	1.28E-01	0.00E+00	0.00E+00
8.01E+06	1.354554	1.29E-01	0.00E+00	0.00E+00
8.01E+06	1.30527	1.29E-01	0.00E+00	0.00E+00
8.01E+06	1.334019	1.30E-01	0.00E+00	0.00E+00
8.04E+06	1.297253	1.23E-01	0.00E+00	0.00E+00
8.05E+06	1.330648	1.22E-01	0.00E+00	0.00E+00
8.08E+06	1.322818	1.18E-01	0.00E+00	0.00E+00
8.08E+06	1.314708	1.17E-01	0.00E+00	0.00E+00
8.10E+06	1.317188	1.13E-01	0.00E+00	0.00E+00
8.10E+06	1.331878	1.13E-01	0.00E+00	0.00E+00
8.11E+06	1.318278	1.12E-01	0.00E+00	0.00E+00
8.11E+06	1.299968	1.10E-01	0.00E+00	0.00E+00
8.12E+06	1.281957	1.08E-01	0.00E+00	0.00E+00
8.13E+06	1.248037	1.06E-01	0.00E+00	0.00E+00
8.14E+06	1.233027	1.05E-01	0.00E+00	0.00E+00
8.16E+06	1.156197	9.99E-02	0.00E+00	0.00E+00
8.17E+06	1.115987	9.80E-02	0.00E+00	0.00E+00
8.20E+06	0.9730368	9.14E-02	0.00E+00	0.00E+00
8.21E+06	0.9490267	8.90E-02	0.00E+00	0.00E+00
8.22E+06	0.9418167	8.74E-02	0.00E+00	0.00E+00
8.24E+06	0.9209765	8.28E-02	0.00E+00	0.00E+00
8.28E+06	0.8771261	7.69E-02	0.00E+00	0.00E+00
8.30E+06	0.860696	7.72E-02	0.00E+00	0.00E+00
8.30E+06	0.856596	7.71E-02	0.00E+00	0.00E+00
8.30E+06	0.8565918	7.71E-02	0.00E+00	0.00E+00
8.32E+06	0.8509958	7.68E-02	0.00E+00	0.00E+00
8.33E+06	0.8374157	7.60E-02	0.00E+00	0.00E+00
8.39E+06	0.8025752	7.32E-02	0.00E+00	0.00E+00
8.40E+06	0.7975151	7.28E-02	0.00E+00	0.00E+00
8.43E+06	0.8001749	7.18E-02	0.00E+00	0.00E+00
8.45E+06	0.7856947	7.06E-02	0.00E+00	0.00E+00
8.45E+06	0.7715646	7.00E-02	0.00E+00	0.00E+00
8.48E+06	0.7762444	6.98E-02	0.00E+00	0.00E+00
8.50E+06	0.7571142	6.82E-02	0.00E+00	0.00E+00
8.50E+06	0.7491042	6.80E-02	0.00E+00	0.00E+00
8.52E+06	0.757164	6.66E-02	0.00E+00	0.00E+00
8.55E+06	0.7394138	6.44E-02	0.00E+00	0.00E+00
8.60E+06	0.7552142	6.14E-02	0.00E+00	0.00E+00
8.61E+06	0.7563343	6.07E-02	0.00E+00	0.00E+00
8.66E+06	0.7480348	6.23E-02	0.00E+00	0.00E+00
8.70E+06	0.7451351	6.82E-02	0.00E+00	0.00E+00
8.71E+06	0.7371952	6.93E-02	0.00E+00	0.00E+00
8.72E+06	0.7296185	7.17E-02	0.00E+00	0.00E+00
8.75E+06	0.7181856	7.54E-02	0.00E+00	0.00E+00
8.77E+06	0.7160857	7.80E-02	0.00E+00	0.00E+00
8.80E+06	0.706846	8.21E-02	0.00E+00	0.00E+00
8.83E+06	0.6889963	9.64E-02	0.00E+00	0.00E+00
8.85E+06	0.6772065	1.06E-01	0.00E+00	0.00E+00
8.89E+06	0.6683168	1.25E-01	0.00E+00	0.00E+00
8.92E+06	0.6382271	1.38E-01	0.00E+00	0.00E+00
8.94E+06	0.6376873	1.49E-01	0.00E+00	0.00E+00
8.98E+06	0.6329177	1.77E-01	0.00E+00	0.00E+00
9.00E+06	0.6306779	1.92E-01	0.00E+00	0.00E+00
9.01E+06	0.6443879	1.97E-01	0.00E+00	0.00E+00
9.02E+06	0.6425181	2.01E-01	0.00E+00	0.00E+00
9.03E+06	0.6504482	2.06E-01	0.00E+00	0.00E+00
9.05E+06	0.6536783	2.10E-01	0.00E+00	0.00E+00
9.05E+06	0.6692384	2.15E-01	0.00E+00	0.00E+00
9.07E+06	0.6683888	2.16E-01	0.00E+00	0.00E+00
9.08E+06	0.6856592	2.24E-01	0.00E+00	0.00E+00
9.15E+06	0.7233312	2.49E-01	0.00E+00	0.00E+00
9.16E+06	0.7367917	2.53E-01	0.00E+00	0.00E+00
9.18E+06	0.7352822	2.50E-01	0.00E+00	0.00E+00
9.22E+06	0.7314933	2.82E-01	0.00E+00	0.00E+00
9.25E+06	0.7246442	2.81E-01	0.00E+00	0.00E+00
9.25E+06	0.7333744	2.84E-01	0.00E+00	0.00E+00
9.30E+06	0.7169557	2.77E-01	0.00E+00	0.00E+00
9.36E+06	0.6995975	2.63E-01	0.00E+00	0.00E+00
9.40E+06	0.6813887	2.56E-01	0.00E+00	0.00E+00
9.45E+06	0.6715002	2.43E-01	0.00E+00	0.00E+00
9.50E+06	0.6693117	2.21E-01	0.00E+00	0.00E+00
9.52E+06	0.6697323	2.13E-01	0.00E+00	0.00E+00
9.55E+06	0.6644933	1.97E-01	0.00E+00	0.00E+00
9.56E+06	0.6691734	1.95E-01	0.00E+00	0.00E+00
9.59E+06	0.6710539	1.86E-01	0.00E+00	0.00E+00
9.60E+06	0.6714841	1.84E-01	0.00E+00	0.00E+00
9.63E+06	0.6801646	1.79E-01	0.00E+00	0.00E+00
9.64E+06	0.6874948	1.79E-01	0.00E+00	0.00E+00
9.68E+06	0.6856355	1.79E-01	0.00E+00	0.00E+00
9.68E+06	0.6844055	1.78E-01	0.00E+00	0.00E+00
9.69E+06	0.6829957	1.82E-01	0.00E+00	0.00E+00
9.70E+06	0.6854558	1.90E-01	0.00E+00	0.00E+00
9.73E+06	0.6703063	2.04E-01	0.00E+00	0.00E+00
9.74E+06	0.6762665	2.12E-01	0.00E+00	0.00E+00
9.75E+06	0.6695867	2.02E-01	0.00E+00	0.00E+00
9.80E+06	0.6845276	1.83E-01	0.00E+00	0.00E+00
9.81E+06	0.6842353	1.81E-01	0.00E+00	0.00E+00
9.82E+06	0.683768	1.77E-01	0.00E+00	0.00E+00
9.83E+06	0.6863081	1.77E-01	0.00E+00	0.00E+00
9.87E+06	0.6787488	1.72E-01	0.00E+00	0.00E+00
9.90E+06	0.6717994	1.66E-01	0.00E+00	0.00E+00
9.92E+06	0.6742096	1.65E-01	0.00E+00	0.00E+00
9.92E+06	0.6675397	1.63E-01	0.00E+00	0.00E+00
1.00E+07	0.6567711	1.62E-01	0.00E+00	0.00E+00
1.01E+07	0.643412	1.54E-01	0.00E+00	0.00E+00
1.01E+07	0.636882	1.53E-01	0.00E+00	0.00E+00
1.02E+07	0.6420644	1.27E-01	0.00E+00	0.00E+00
1.03E+07	0.634386	1.27E-01	0.00E+00	0.00E+00
1.03E+07	0.628637	1.24E-01	0.00E+00	0.00E+00
1.04E+07	0.6350785	1.30E-01	0.00E+00	0.00E+00
1.04E+07	0.6433191	1.24E-01	0.00E+00	0.00E+00
1.04E+07	0.66502	1.06E-01	0.00E+00	0.00E+00
1.04E+07	0.6650462	1.06E-01	0.00E+00	0.00E+00
1.05E+07	0.6781307	1.03E-01	0.00E+00	0.00E+00
1.05E+07	0.6909111	1.00E-01	0.00E+00	0.00E+00
1.05E+07	0.6909012	9.97E-02	0.00E+00	0.00E+00
1.05E+07	0.7017418	9.68E-02	0.00E+00	0.00E+00
1.06E+07	0.6982821	9.53E-02	0.00E+00	0.00E+00
1.06E+07	0.7084822	9.57E-02	0.00E+00	0.00E+00
1.06E+07	0.7254834	9.27E-02	0.00E+00	0.00E+00
1.07E+07	0.7508846	9.09E-02	0.00E+00	0.00E+00
1.07E+07	0.7526048	9.03E-02	0.00E+00	0.00E+00
1.08E+07	0.7861757	8.85E-02	0.00E+00	0.00E+00
1.08E+07	0.8128466	8.67E-02	0.00E+00	0.00E+00
1.08E+07	0.8325971	8.60E-02	0.00E+00	0.00E+00
1.09E+07	0.8683857	8.25E-02	0.00E+00	0.00E+00
1.09E+07	0.8733984	8.20E-02	0.00E+00	0.00E+00
1.09E+07	0.8874491	7.84E-02	0.00E+00	0.00E+00
1.10E+07	0.8621401	7.48E-02	0.00E+00	0.00E+00
1.10E+07	0.8562302	7.45E-02	0.00E+00	0.00E+00
1.11E+07	0.8669211	7.39E-02	0.00E+00	0.00E+00
1.11E+07	0.8635915	7.51E-02	0.00E+00	0.00E+00
1.11E+07	0.8685816	7.54E-02	0.00E+00	0.00E+00
1.12E+07	0.8852923	7.74E-02	0.00E+00	0.00E+00
1.12E+07	0.8868723	7.75E-02	0.00E+00	0.00E+00
1.13E+07	0.8755831	8.29E-02	0.00E+00	0.00E+00
1.13E+07	0.8730537	8.71E-02	0.00E+00	0.00E+00
1.14E+07	0.8727947	8.72E-02	0.00E+00	0.00E+00
1.15E+07	0.8644358	8.77E-02	0.00E+00	0.00E+00
1.16E+07	0.8514563	8.91E-02	0.00E+00	0.00E+00
1.17E+07	0.8384571	9.23E-02	0.00E+00	0.00E+00
1.18E+07	0.8534774	9.40E-02	0.00E+00	0.00E+00
1.18E+07	0.8485974	9.38E-02	0.00E+00	0.00E+00
1.18E+07	0.8577876	9.45E-02	0.00E+00	0.00E+00
1.18E+07	0.8700678	9.53E-02	0.00E+00	0.00E+00
1.19E+07	0.9048182	9.76E-02	0.00E+00	0.00E+00
1.19E+07	0.9008382	9.74E-02	0.00E+00	0.00E+00
1.19E+07	0.9126283	9.82E-02	0.00E+00	0.00E+00
1.20E+07	0.9034661	1.05E-01	0.00E+00	0.00E+00
1.20E+07	0.8994487	1.08E-01	0.00E+00	0.00E+00
1.21E+07	0.909919	1.16E-01	0.00E+00	0.00E+00
1.21E+07	0.913379	1.17E-01	0.00E+00	0.00E+00
1.21E+07	0.9103387	1.22E-01	0.00E+00	0.00E+00
1.21E+07	0.9109886	1.24E-01	0.00E+00	0.00E+00
1.22E+07	0.8718877	1.13E-01	0.00E+00	0.00E+00
1.22E+07	0.8650374	1.11E-01	0.00E+00	0.00E+00
1.23E+07	0.8612072	1.10E-01	0.00E+00	0.00E+00
1.23E+07	0.8484767	1.06E-01	0.00E+00	0.00E+00
1.24E+07	0.8392258	1.02E-01	0.00E+00	0.00E+00
1.25E+07	0.8560648	9.86E-02	0.00E+00	0.00E+00
1.26E+07	0.8641743	9.76E-02	0.00E+00	0.00E+00
1.26E+07	0.8697535	9.62E-02	0.00E+00	0.00E+00
1.27E+07	0.8872515	9.29E-02	0.00E+00	0.00E+00
1.27E+07	0.8895008	9.05E-02	0.00E+00	0.00E+00
1.28E+07	0.9067198	8.99E-02	0.00E+00	0.00E+00
1.29E+07	0.9194677	8.73E-02	0.00E+00	0.00E+00
1.30E+07	0.943646	8.48E-02	0.00E+00	0.00E+00
1.30E+07	0.9419758	8.53E-02	0.00E+00	0.00E+00
1.31E+07	0.9368348	8.37E-02	0.00E+00	0.00E+00
1.31E+07	0.9367467	8.35E-02	0.00E+00	0.00E+00
1.31E+07	0.936023	8.27E-02	0.00E+00	0.00E+00
1.31E+07	0.9356122	8.22E-02	0.00E+00	0.00E+00
1.33E+07	0.9248772	7.89E-02	0.00E+00	0.00E+00
1.33E+07	0.9145161	7.74E-02	0.00E+00	0.00E+00
1.33E+07	0.9156053	7.73E-02	0.00E+00	0.00E+00
1.35E+07	0.9052876	7.37E-02	0.00E+00	0.00E+00
1.35E+07	0.907788	7.32E-02	0.00E+00	0.00E+00
1.35E+07	0.9100961	7.29E-02	0.00E+00	0.00E+00
1.36E+07	0.9094356	7.25E-02	0.00E+00	0.00E+00
1.36E+07	0.909454	7.16E-02	0.00E+00	0.00E+00
1.36E+07	0.8955912	7.10E-02	0.00E+00	0.00E+00
1.37E+07	0.8891086	7.17E-02	0.00E+00	0.00E+00
1.38E+07	0.8808754	7.13E-02	0.00E+00	0.00E+00
1.38E+07	0.8807162	7.12E-02	0.00E+00	0.00E+00
1.38E+07	0.8600328	6.77E-02	0.00E+00	0.00E+00
1.38E+07	0.8597924	6.76E-02	0.00E+00	0.00E+00
1.40E+07	0.841346	6.37E-02	0.00E+00	0.00E+00
1.40E+07	0.8192143	6.24E-02	0.00E+00	0.00E+00
1.41E+07	0.8249418	6.85E-02	0.00E+00	0.00E+00
1.41E+07	0.8294061	7.14E-02	0.00E+00	0.00E+00
1.42E+07	0.8314564	7.27E-02	0.00E+00	0.00E+00
1.43E+07	0.8372635	7.17E-02	0.00E+00	0.00E+00
1.44E+07	0.8302987	6.92E-02	0.00E+00	0.00E+00
1.44E+07	0.8243664	6.84E-02	0.00E+00	0.00E+00
1.45E+07	0.8378942	6.93E-02	0.00E+00	0.00E+00
1.45E+07	0.8434431	6.87E-02	0.00E+00	0.00E+00
1.46E+07	0.8538047	6.75E-02	0.00E+00	0.00E+00
1.46E+07	0.8545005	6.66E-02	0.00E+00	0.00E+00
1.46E+07	0.8545981	6.65E-02	0.00E+00	0.00E+00
1.47E+07	0.8801097	6.16E-02	0.00E+00	0.00E+00
1.47E+07	0.8945456	5.91E-02	0.00E+00	0.00E+00
1.48E+07	0.8989307	5.61E-02	0.00E+00	0.00E+00
1.48E+07	0.8973459	5.51E-02	0.00E+00	0.00E+00
1.48E+07	0.9021438	5.37E-02	0.00E+00	0.00E+00
1.48E+07	0.9039936	5.37E-02	0.00E+00	0.00E+00
1.48E+07	0.9075423	5.35E-02	0.00E+00	0.00E+00
1.49E+07	0.911329	5.31E-02	0.00E+00	0.00E+00
1.49E+07	0.9133517	5.28E-02	0.00E+00	0.00E+00
1.49E+07	0.9133777	5.28E-02	0.00E+00	0.00E+00
1.49E+07	0.9190995	5.29E-02	0.00E+00	0.00E+00
1.49E+07	0.9213208	5.27E-02	0.00E+00	0.00E+00
1.49E+07	0.9219146	5.27E-02	0.00E+00	0.00E+00
1.49E+07	0.9198577	5.25E-02	0.00E+00	0.00E+00
1.50E+07	0.9193623	5.23E-02	0.00E+00	0.00E+00
1.50E+07	0.9188059	5.22E-02	0.00E+00	0.00E+00
1.50E+07	0.9230262	5.22E-02	0.00E+00	0.00E+00
1.50E+07	0.917548	5.20E-02	0.00E+00	0.00E+00
1.50E+07	0.9194399	5.20E-02	0.00E+00	0.00E+00
1.50E+07	0.9285723	5.22E-02	0.00E+00	0.00E+00
1.51E+07	0.9321515	5.22E-02	0.00E+00	0.00E+00
1.51E+07	0.9415881	5.22E-02	0.00E+00	0.00E+00
1.52E+07	0.9562263	5.27E-02	0.00E+00	0.00E+00
1.52E+07	0.9588161	5.28E-02	0.00E+00	0.00E+00
1.53E+07	0.958981	5.29E-02	0.00E+00	0.00E+00
1.53E+07	0.9590381	5.29E-02	0.00E+00	0.00E+00
1.54E+07	0.9853929	5.48E-02	0.00E+00	0.00E+00
1.55E+07	0.9866832	5.47E-02	0.00E+00	0.00E+00
1.55E+07	0.9888609	5.54E-02	0.00E+00	0.00E+00
1.56E+07	0.993887	5.68E-02	0.00E+00	0.00E+00
1.57E+07	1.006293	5.74E-02	0.00E+00	0.00E+00
1.60E+07	1.025478	6.44E-02	0.00E+00	0.00E+00
1.60E+07	1.031307	6.44E-02	0.00E+00	0.00E+00
1.60E+07	1.028462	6.40E-02	0.00E+00	0.00E+00
1.60E+07	1.033794	6.39E-02	0.00E+00	0.00E+00
1.61E+07	1.018894	6.62E-02	0.00E+00	0.00E+00
1.61E+07	1.016618	6.74E-02	0.00E+00	0.00E+00
1.63E+07	0.9836825	7.03E-02	0.00E+00	0.00E+00
1.63E+07	0.9673	7.57E-02	0.00E+00	0.00E+00
1.63E+07	0.9550681	7.97E-02	0.00E+00	0.00E+00
1.63E+07	0.9550568	7.97E-02	0.00E+00	0.00E+00
1.64E+07	0.9526551	8.19E-02	0.00E+00	0.00E+00
1.65E+07	0.9489244	8.04E-02	0.00E+00	0.00E+00
1.65E+07	0.9469205	7.96E-02	0.00E+00	0.00E+00
1.66E+07	0.9429946	8.09E-02	0.00E+00	0.00E+00
1.67E+07	0.9195066	8.78E-02	0.00E+00	0.00E+00
1.68E+07	0.9085254	8.98E-02	0.00E+00	0.00E+00
1.68E+07	0.9073067	8.99E-02	0.00E+00	0.00E+00
1.70E+07	0.8965813	9.54E-02	0.00E+00	0.00E+00
1.70E+07	0.8966591	9.64E-02	0.00E+00	0.00E+00
1.71E+07	0.8967873	9.84E-02	0.00E+00	0.00E+00
1.71E+07	0.899245	9.96E-02	0.00E+00	0.00E+00
1.71E+07	0.8872509	1.03E-01	0.00E+00	0.00E+00
1.73E+07	0.8709475	1.05E-01	0.00E+00	0.00E+00
1.73E+07	0.870936	1.05E-01	0.00E+00	0.00E+00
1.73E+07	0.8708043	1.06E-01	0.00E+00	0.00E+00
1.73E+07	0.8852461	1.05E-01	0.00E+00	0.00E+00
1.74E+07	0.8787233	1.05E-01	0.00E+00	0.00E+00
1.74E+07	0.8758659	1.05E-01	0.00E+00	0.00E+00
1.74E+07	0.8758306	1.05E-01	0.00E+00	0.00E+00
1.75E+07	0.8733252	1.04E-01	0.00E+00	0.00E+00
1.75E+07	0.8759863	1.04E-01	0.00E+00	0.00E+00
1.76E+07	0.8803935	1.04E-01	0.00E+00	0.00E+00
1.76E+07	0.8873125	1.04E-01	0.00E+00	0.00E+00
1.77E+07	0.8896514	1.05E-01	0.00E+00	0.00E+00
1.79E+07	0.9059481	1.09E-01	0.00E+00	0.00E+00
1.79E+07	0.908697	1.09E-01	0.00E+00	0.00E+00
1.80E+07	0.9175296	1.10E-01	0.00E+00	0.00E+00
1.81E+07	0.9295115	1.10E-01	0.00E+00	0.00E+00
1.81E+07	0.9234012	1.09E-01	0.00E+00	0.00E+00
1.82E+07	0.9357982	1.09E-01	0.00E+00	0.00E+00
1.83E+07	0.9289137	1.08E-01	0.00E+00	0.00E+00
1.85E+07	0.922802	1.09E-01	0.00E+00	0.00E+00
1.85E+07	0.9255585	1.08E-01	0.00E+00	0.00E+00
1.85E+07	0.9303026	1.08E-01	0.00E+00	0.00E+00
1.85E+07	0.9333388	1.08E-01	0.00E+00	0.00E+00
1.86E+07	0.9375123	1.08E-01	0.00E+00	0.00E+00
1.86E+07	0.9463497	1.08E-01	0.00E+00	0.00E+00
1.87E+07	0.9528459	1.08E-01	0.00E+00	0.00E+00
1.88E+07	0.956963	1.09E-01	0.00E+00	0.00E+00
1.90E+07	0.969028	1.08E-01	0.00E+00	0.00E+00
1.90E+07	0.971203	1.08E-01	0.00E+00	0.00E+00
1.90E+07	0.9713274	1.08E-01	0.00E+00	0.00E+00
1.91E+07	0.9731419	1.08E-01	0.00E+00	0.00E+00
1.92E+07	0.9777384	1.06E-01	0.00E+00	0.00E+00
1.93E+07	0.9801549	1.04E-01	0.00E+00	0.00E+00
1.95E+07	0.9810585	1.03E-01	0.00E+00	0.00E+00
1.95E+07	0.9814346	1.03E-01	0.00E+00	0.00E+00
1.96E+07	0.98185	1.04E-01	0.00E+00	0.00E+00
1.96E+07	0.9815986	1.04E-01	0.00E+00	0.00E+00
1.96E+07	0.9795329	1.07E-01	0.00E+00	0.00E+00
1.97E+07	0.9815434	1.06E-01	0.00E+00	0.00E+00
1.98E+07	0.9857386	1.03E-01	0.00E+00	0.00E+00
1.99E+07	0.9915297	9.75E-02	0.00E+00	0.00E+00
2.00E+07	0.9807171	1.08E-01	0.00E+00	0.00E+00
